 ----------------- LMGF - ref: bebeec33 ------------------

 LMGF:     nbas = 8  nspec = 4  verb 35
 special:  forces,  display J
 pot:      spin-pol, read Sigma
 libxc:    GGA X (Perdew, Burke & Ernzerhof SOL) + GGA C (Perdew, Burke & Ernzerhof SOL)
 asa:      no-ccor, two-c-H
 bz:       metal(5), tetra 

                Plat                                  Qlat
  -0.500000   0.500000   0.988535       -1.000000   0.000000   0.505799
   0.500000  -0.500000   0.988535        0.000000  -1.000000   0.505799
   0.500000   0.500000   0.988535        1.000000   1.000000   0.000000
   alat = 10.304219  Cell vol = 1081.526890

 LATTC:  as= 2.000   tol=1.00e-16   alat=10.30422   awald= 0.195   lmax=6
         r1=  3.699   nkd= 223      q1=  4.525   nkg= 405

 SGROUP: 1 symmetry operations from 0 generators
 SYMLAT: Bravais system is tetragonal with 16 symmetry operations.
 SYMCRY: crystal invariant under 4 symmetry operations for tol=1e-5
 GROUPG: the following are sufficient to generate the space group:
         i*r4z
 MKSYM:  found 4 space group operations; adding inversion generated 8 ops

 SPLCLS:  4 species split into 5 classes
 Species  Class      Sites...
 Ge       3:Ge       3
          5:Ge2      4
 BZMESH: 456 irreducible QP from 3375 ( 15 15 15 )  shift= F F F
 TETIRR: sorting 20250 tetrahedra ... 8415 inequivalent ones found

 EXASA (warning): no sigm file found ... DFT calculation only

 EXASA: print properties calculated from J

 Makidx:  hamiltonian dimensions Low, Int, High, Negl: 128 0 0 0
 SUHAM : 2nd generation ASA; potential functions P3
  
 ZMESH: nz=10 (real axis: Im(z)=0)  e1,e2=0,0  wz=0
 Class   dq     amom      Class   dq     amom      Class   dq     amom
   1   0.0000  3.1020  |    3   0.0000  0.0000  |    5   0.0000  0.0000
   2   0.0000 -3.1020  |    4   0.0000  0.0000  |

 ... Display properties of Jij (GF mode 11):  rcut = -5*alat
 baslst:  1 2
 ... writing real-space Jij
 exasa: located (1,1) pair in file jr

 pvgfe7: read J(rs), returning J(rs), ib=1, jb=1

 Sum J_ij=-0.273623  J_00=-0.272046  J_0=-0.001577 for ib=1, jb=1

 srvsym:  1727 vectors in 434 stars.  tau = 0.000 0.000 0.000

   Star   nstar    |R|          -- R(jb)-R(ib) --        J(mRy)   sum J
    1       1    0.000000    0.000    0.000    0.000  -272.04611    0.000
    2       4    1.000000   -1.000    0.000    0.000    -0.15182   -0.607
    3       4    1.215402   -0.500   -0.500    0.989     0.02104   -0.523
    4       4    1.215402    0.500    0.500   -0.989     0.02104   -0.439
    5       4    1.414214    1.000    1.000    0.000    -0.11297   -0.891
    6       4    1.864726   -0.500   -1.500    0.989     0.00769   -0.860
    7       4    1.864726   -1.500   -0.500    0.989    -0.01247   -0.910
    8       4    1.864726   -0.500    1.500    0.989    -0.01247   -0.960
    9       4    1.864726   -1.500    0.500    0.989     0.00769   -0.929
   10       2    1.977070    0.000    0.000    1.977    -0.01536   -0.960
   11       4    2.000000    0.000    2.000    0.000    -0.02981   -1.079
   12       4    2.215582   -1.000    0.000    1.977     0.01045   -1.037
   13       4    2.215582    0.000   -1.000    1.977     0.01045   -0.995
   14       4    2.236068    2.000   -1.000    0.000    -0.01191   -1.043
   15       4    2.236068   -1.000    2.000    0.000    -0.02460   -1.141
   16       4    2.340342    1.500    1.500   -0.989    -0.01033   -1.183
   17       4    2.340342   -1.500    1.500   -0.989    -0.01033   -1.224
   18       4    2.430804   -1.000   -1.000    1.977    -0.00236   -1.234
   19       4    2.430804    1.000    1.000   -1.977    -0.00236   -1.243
   20       4    2.734447   -0.500    2.500    0.989     0.00638   -1.217
   21       4    2.734447    2.500   -0.500    0.989     0.00474   -1.199
   22       4    2.734447   -0.500   -2.500    0.989     0.00474   -1.180
   23       4    2.734447   -2.500   -0.500    0.989     0.00638   -1.154
   24       4    2.812260    0.000   -2.000    1.977    -0.00822   -1.187
   25       4    2.812260   -2.000    0.000    1.977    -0.00822   -1.220
   26       4    2.828427    2.000   -2.000    0.000    -0.02260   -1.310
   27       4    2.984762    2.000    1.000    1.977     0.00251   -1.300
   28       4    2.984762   -2.000    1.000    1.977    -0.00359   -1.315
   29       4    2.984762    1.000   -2.000    1.977     0.00251   -1.305
   30       4    2.984762    1.000    2.000    1.977    -0.00359   -1.319
   31       4    3.000000    0.000    3.000    0.000     0.00416   -1.302
   32       4    3.048740    0.500    0.500    2.966     0.00431   -1.285
   33       4    3.048740   -0.500   -0.500   -2.966     0.00431   -1.268
   34       4    3.078506   -2.500    1.500    0.989    -0.00897   -1.304
   35       4    3.078506    1.500   -2.500    0.989    -0.01128   -1.349
   36       4    3.078506    2.500    1.500    0.989    -0.01128   -1.394
   37       4    3.078506    1.500    2.500    0.989    -0.00897   -1.430
   38       4    3.162278   -1.000    3.000    0.000     0.00347   -1.416
   39       4    3.162278    3.000   -1.000    0.000    -0.00791   -1.448
   40       4    3.360776    1.500   -0.500   -2.966    -0.00025   -1.449
   41       4    3.360776    1.500   -0.500    2.966    -0.00025   -1.450
   42       4    3.360776   -0.500    1.500   -2.966     0.00043   -1.448
   43       4    3.360776   -0.500    1.500    2.966     0.00043   -1.446
   44       4    3.450914   -2.000    2.000    1.977     0.00150   -1.440
   45       4    3.450914   -2.000    2.000   -1.977     0.00150   -1.434
   46       4    3.592883    3.000    0.000    1.977     0.00168   -1.427
   47       4    3.592883    0.000    3.000    1.977     0.00168   -1.421
   48       4    3.605551    3.000   -2.000    0.000    -0.00884   -1.456
   49       4    3.605551   -2.000    3.000    0.000    -0.01149   -1.502
   50       4    3.646205    1.500    1.500   -2.966    -0.00046   -1.504
   51       4    3.646205    1.500   -1.500   -2.966    -0.00046   -1.506
   52       4    3.671131   -3.500   -0.500    0.989     0.00014   -1.505
   53       4    3.671131   -3.500    0.500    0.989     0.00131   -1.500
   54       4    3.671131    0.500    3.500    0.989     0.00131   -1.495
   55       4    3.671131    0.500   -3.500    0.989     0.00014   -1.494
   56       4    3.671131   -2.500   -2.500    0.989    -0.00106   -1.498
   57       4    3.671131    2.500   -2.500    0.989    -0.00106   -1.503
   58       4    3.729451   -1.000    3.000    1.977    -0.00152   -1.509
   59       4    3.729451    3.000   -1.000    1.977    -0.00004   -1.509
   60       4    3.729451    3.000    1.000    1.977    -0.00152   -1.515
   61       4    3.729451    1.000    3.000    1.977    -0.00004   -1.515
   62       4    3.910858    2.500   -0.500    2.966     0.00126   -1.510
   63       4    3.910858   -0.500    2.500    2.966     0.00047   -1.508
   64       4    3.910858    2.500    0.500    2.966     0.00047   -1.506
   65       4    3.910858    0.500    2.500    2.966     0.00126   -1.501
   66       4    3.934107    1.500   -3.500   -0.989    -0.00054   -1.503
   67       4    3.934107   -3.500    1.500   -0.989    -0.00059   -1.506
   68       4    3.934107   -3.500    1.500    0.989    -0.00059   -1.508
   69       4    3.934107    1.500   -3.500    0.989    -0.00054   -1.510
   70       2    3.954140    0.000    0.000    3.954     0.00109   -1.508
   71       4    4.000000    4.000    0.000    0.000    -0.00139   -1.514
   72       4    4.078630    0.000    1.000    3.954    -0.00059   -1.516
   73       4    4.078630    1.000    0.000    3.954    -0.00059   -1.518
   74       4    4.112032    3.000   -2.000    1.977     0.00018   -1.518
   75       4    4.112032   -2.000    3.000    1.977     0.00163   -1.511
   76       4    4.112032   -2.000    3.000   -1.977     0.00163   -1.505
   77       4    4.112032    3.000   -2.000   -1.977     0.00018   -1.504
   78       4    4.123106    1.000    4.000    0.000     0.00280   -1.493
   79       4    4.123106    1.000   -4.000    0.000     0.00335   -1.479
   80       4    4.158703    1.500   -2.500    2.966     0.00153   -1.473
   81       4    4.158703    1.500    2.500    2.966     0.00027   -1.472
   82       4    4.158703    2.500    1.500    2.966     0.00153   -1.466
   83       4    4.158703   -2.500    1.500    2.966     0.00027   -1.465
   84       4    4.199431   -1.000   -1.000    3.954     0.00006   -1.465
   85       4    4.199431    1.000   -1.000    3.954     0.00006   -1.464
   86       4    4.242641   -3.000    3.000    0.000    -0.01167   -1.511
   87       4    4.413298    2.500   -3.500   -0.989    -0.00191   -1.519
   88       4    4.413298   -3.500    2.500   -0.989    -0.00204   -1.527
   89       4    4.413298   -2.500   -3.500   -0.989    -0.00204   -1.535
   90       4    4.413298   -3.500   -2.500   -0.989    -0.00191   -1.543
   91       4    4.431165   -2.000    0.000    3.954    -0.00048   -1.545
   92       4    4.431165    0.000   -2.000    3.954    -0.00048   -1.547
   93       4    4.461928    4.000    0.000   -1.977    -0.00067   -1.549
   94       4    4.461928    0.000    4.000   -1.977    -0.00067   -1.552
   95       4    4.472136   -2.000   -4.000    0.000    -0.00106   -1.556
   96       4    4.472136    2.000   -4.000    0.000    -0.00464   -1.575
   97       4    4.542601    1.000   -2.000    3.954    -0.00006   -1.575
   98       4    4.542601   -2.000    1.000    3.954     0.00027   -1.574
   99       4    4.542601   -2.000   -1.000    3.954    -0.00006   -1.574
  100       4    4.542601    1.000    2.000    3.954     0.00027   -1.573
  101       4    4.572615    1.000   -4.000    1.977     0.00058   -1.571
  102       4    4.572615    1.000    4.000    1.977    -0.00026   -1.572
  103       4    4.572615    4.000    1.000    1.977     0.00058   -1.569
  104       4    4.572615   -4.000    1.000    1.977    -0.00026   -1.570
  105       4    4.614630    2.500   -2.500    2.966     0.00039   -1.569
  106       4    4.614630   -3.500    0.500   -2.966     0.00105   -1.565
  107       4    4.614630   -0.500    3.500   -2.966     0.00063   -1.562
  108       4    4.614630    3.500    0.500   -2.966     0.00063   -1.560
  109       4    4.614630   -2.500   -2.500    2.966     0.00039   -1.558
  110       4    4.614630    0.500    3.500   -2.966     0.00105   -1.554
  111       4    4.634350    4.500    0.500    0.989     0.00028   -1.553
  112       4    4.634350    0.500    4.500    0.989     0.00032   -1.551
  113       4    4.634350    0.500   -4.500    0.989     0.00028   -1.550
  114       4    4.634350   -4.500    0.500    0.989     0.00032   -1.549
  115       4    4.680684   -3.000   -3.000    1.977    -0.00078   -1.552
  116       4    4.680684   -3.000    3.000    1.977    -0.00078   -1.555
  117       4    4.826470   -3.500    1.500   -2.966     0.00031   -1.554
  118       4    4.826470    1.500   -3.500   -2.966    -0.00010   -1.554
  119       4    4.826470   -3.500   -1.500   -2.966    -0.00010   -1.555
  120       4    4.826470   -1.500   -3.500   -2.966     0.00031   -1.554
  121       4    4.845328    4.500    1.500    0.989    -0.00052   -1.556
  122       4    4.845328    4.500    1.500   -0.989    -0.00052   -1.558
  123       4    4.845328    1.500    4.500    0.989     0.00062   -1.555
  124       4    4.845328    1.500    4.500   -0.989     0.00062   -1.553
  125       4    4.861607    2.000   -2.000    3.954     0.00003   -1.553
  126       4    4.861607   -2.000   -2.000    3.954     0.00003   -1.553
  127       4    4.889663   -2.000   -4.000    1.977    -0.00096   -1.556
  128       4    4.889663   -4.000   -2.000    1.977    -0.00073   -1.559
  129       4    4.889663    2.000   -4.000    1.977    -0.00073   -1.562
  130       4    4.889663   -4.000    2.000    1.977    -0.00096   -1.566
  131       4    4.963388   -3.000    0.000    3.954     0.00004   -1.566
  132       4    4.963388    0.000   -3.000    3.954     0.00004   -1.566
  133       4    4.992999    0.500    0.500   -4.943    -0.00037   -1.567
  134       4    4.992999   -0.500    0.500   -4.943    -0.00037   -1.569
  135       4    5.000000   -4.000    3.000    0.000     0.00082   -1.565
  136       4    5.000000    3.000   -4.000    0.000    -0.00882   -1.601

 pvgfe7: read J(rs), returning J(rs), ib=1, jb=2

 Sum J_ij=-0.009075  J_00= 0.000000  J_0=-0.009075 for ib=1, jb=2

 srvsym:  1636 vectors in 409 stars.  tau = 0.000 -0.500 0.494

   Star   nstar    |R|          -- R(jb)-R(ib) --        J(mRy)   sum J
    1       4    0.703065    0.000    0.500    0.494    -2.19566   -8.783
    2       4    1.222416   -1.000    0.500    0.494    -0.04951   -8.981
    3       4    1.222416   -1.000   -0.500    0.494    -0.04947   -9.179
    4       4    1.564833   -0.500    0.000    1.483     0.00456   -9.160
    5       4    1.579335    0.000   -1.500    0.494     0.00568   -9.138
    6       4    1.857068   -1.000    0.500   -1.483    -0.01260   -9.188
    7       4    1.857068   -1.000   -0.500   -1.483    -0.01264   -9.238
    8       4    1.869305    1.500    1.000   -0.494     0.02584   -9.135
    9       4    1.869305   -1.000   -1.500    0.494     0.02585   -9.032
   10       4    2.109195   -1.500    0.000    1.483    -0.03797   -9.184
   11       4    2.119977   -2.000    0.500    0.494     0.00263   -9.173
   12       4    2.119977   -2.000   -0.500    0.494     0.00263   -9.163
   13       4    2.334246   -1.500   -1.000    1.483     0.00018   -9.162
   14       4    2.334246   -1.500    1.000    1.483     0.00020   -9.161
   15       4    2.521410    0.000   -0.500    2.471     0.00136   -9.156
   16       4    2.539430   -0.500   -2.000    1.483     0.00037   -9.154
   17       4    2.539430    0.500   -2.000    1.483     0.00035   -9.153
   18       4    2.548392   -1.500    2.000   -0.494     0.00229   -9.144
   19       4    2.548392    2.000   -1.500    0.494     0.00226   -9.135
   20       4    2.548392    0.000   -2.500    0.494    -0.00145   -9.140
   21       4    2.712473   -1.000   -0.500    2.471     0.00178   -9.133
   22       4    2.712473    1.000   -0.500    2.471     0.00185   -9.126
   23       4    2.737572   -1.000    2.500    0.494     0.00112   -9.121
   24       4    2.737572   -1.000   -2.500    0.494     0.00114   -9.117
   25       4    2.890936    0.000   -1.500    2.471    -0.00116   -9.121
   26       4    2.906665    1.500   -2.000    1.483     0.00023   -9.120
   27       4    2.906665    2.000   -1.500   -1.483     0.00021   -9.120
   28       4    2.906665    0.000    2.500   -1.483     0.00011   -9.119
   29       4    3.059005   -1.000   -1.500    2.471    -0.00019   -9.120
   30       4    3.059005   -1.000    1.500    2.471    -0.00024   -9.121
   31       4    3.073874   -2.500    1.000    1.483     0.00071   -9.118
   32       4    3.073874   -2.500   -1.000    1.483     0.00075   -9.115
   33       4    3.081282    0.500   -3.000   -0.494    -0.00033   -9.116
   34       4    3.081282   -3.000    0.500    0.494    -0.00030   -9.118
   35       4    3.218308    2.000   -0.500    2.471     0.00008   -9.117
   36       4    3.218308   -2.000   -0.500    2.471     0.00004   -9.117
   37       4    3.239491    2.500   -2.000   -0.494     0.00169   -9.110
   38       4    3.239491   -2.000    2.500    0.494     0.00168   -9.104
   39       4    3.383593   -0.500    3.000    1.483    -0.00022   -9.105
   40       4    3.383593   -0.500   -3.000    1.483    -0.00022   -9.105
   41       4    3.390325   -1.500    3.000   -0.494     0.00156   -9.099
   42       4    3.390325    3.000   -1.500    0.494     0.00156   -9.093
   43       4    3.495814   -0.500    0.000    3.460     0.00032   -9.092
   44       4    3.515325    0.000    2.500    2.471     0.00084   -9.088
   45       4    3.515325    2.000   -1.500    2.471    -0.00058   -9.091
   46       4    3.515325    1.500   -2.000   -2.471    -0.00060   -9.093
   47       4    3.528272    2.500   -2.000    1.483     0.00060   -9.091
   48       4    3.528272   -2.000    2.500   -1.483     0.00059   -9.088
   49       4    3.534728   -3.500    0.000   -0.494     0.00019   -9.088
   50       4    3.636030    0.500    1.000    3.460     0.00007   -9.087
   51       4    3.636030    0.500   -1.000    3.460     0.00011   -9.087
   52       4    3.654793   -1.000    2.500    2.471    -0.00007   -9.087
   53       4    3.654793   -1.000   -2.500    2.471    -0.00010   -9.087
   54       4    3.667247    1.500   -3.000    1.483     0.00003   -9.087
   55       4    3.667247    3.000   -1.500   -1.483     0.00004   -9.087
   56       4    3.673459    1.000   -3.500    0.494     0.00056   -9.085
   57       4    3.673459    1.000    3.500    0.494     0.00055   -9.083
   58       4    3.771037    1.500    0.000    3.460     0.00018   -9.082
   59       4    3.801145   -3.500    0.000    1.483     0.00007   -9.082
   60       4    3.901374    1.000    1.500   -3.460    -0.00044   -9.084
   61       4    3.901374   -1.000    1.500   -3.460    -0.00041   -9.085
   62       4    3.918866    3.000   -0.500    2.471    -0.00025   -9.086
   63       4    3.918866   -3.000   -0.500    2.471    -0.00024   -9.087
   64       4    3.930484   -1.000    3.500   -1.483    -0.00001   -9.087
   65       4    3.930484   -3.500    1.000    1.483     0.00002   -9.087
   66       4    3.936280   -2.500    3.000   -0.494     0.00065   -9.084
   67       4    3.936280    3.000   -2.500    0.494     0.00063   -9.082
   68       4    4.027495    2.000   -0.500   -3.460    -0.00028   -9.083
   69       4    4.027495   -0.500    2.000    3.460    -0.00027   -9.084
   70       4    4.044442   -2.000    2.500    2.471     0.00017   -9.083
   71       4    4.044442    2.500   -2.000   -2.471     0.00016   -9.083
   72       4    4.061318    0.500   -4.000   -0.494    -0.00003   -9.083
   73       4    4.061318   -4.000    0.500    0.494    -0.00004   -9.083
   74       4    4.061318   -2.000   -3.500    0.494     0.00023   -9.082
   75       4    4.061318    3.500    2.000   -0.494     0.00024   -9.081
   76       4    4.166234    3.000   -1.500    2.471     0.00003   -9.081
   77       4    4.166234   -1.500    3.000   -2.471     0.00004   -9.081
   78       4    4.177164   -2.500    3.000    1.483     0.00017   -9.080
   79       4    4.177164    3.000   -2.500   -1.483     0.00016   -9.080
   80       4    4.268573    2.000   -1.500   -3.460    -0.00003   -9.080
   81       4    4.268573    2.000    1.500   -3.460    -0.00006   -9.080
   82       4    4.268573   -2.500    0.000    3.460     0.00000   -9.080
   83       4    4.284566    0.000   -3.500    2.471     0.00015   -9.079
   84       4    4.295195    0.500   -4.000    1.483     0.00026   -9.078
   85       4    4.295195   -4.000    0.500   -1.483     0.00027   -9.077
   86       4    4.295195   -3.500    2.000    1.483     0.00032   -9.076
   87       4    4.295195    3.500    2.000    1.483     0.00033   -9.075
   88       4    4.300500    1.500   -4.000   -0.494     0.00020   -9.074
   89       4    4.300500   -1.500   -4.000   -0.494     0.00021   -9.073
   90       4    4.384144   -2.500    1.000    3.460     0.00004   -9.073
   91       4    4.384144   -1.000    2.500   -3.460     0.00001   -9.073
   92       4    4.399717   -1.000    3.500    2.471     0.00019   -9.072
   93       4    4.399717   -1.000   -3.500    2.471     0.00019   -9.071
   94       4    4.476419    0.000    0.500    4.448     0.00004   -9.071
   95       4    4.522024   -4.000    1.500   -1.483     0.00017   -9.070
   96       4    4.522024    1.500   -4.000    1.483     0.00018   -9.070
   97       4    4.527063    4.500    0.000   -0.494    -0.00029   -9.071
   98       4    4.586756    1.000   -0.500    4.448    -0.00008   -9.071
   99       4    4.586756    1.000    0.500    4.448    -0.00004   -9.071
  100       4    4.606595    0.500    3.000    3.460    -0.00011   -9.072
  101       4    4.606595   -3.000   -0.500   -3.460    -0.00012   -9.072
  102       4    4.621419    3.000   -2.500    2.471     0.00002   -9.072
  103       4    4.621419   -3.000   -2.500    2.471     0.00000   -9.072
  104       4    4.636195   -3.500    3.000   -0.494     0.00073   -9.069
  105       4    4.636195   -4.500    1.000   -0.494    -0.00015   -9.070
  106       4    4.636195    4.500    1.000   -0.494    -0.00014   -9.070
  107       4    4.636195   -3.500   -3.000   -0.494     0.00072   -9.068
  108       4    4.694500   -1.500    0.000   -4.448     0.00020   -9.067
  109       4    4.713886   -2.000    2.500   -3.460    -0.00003   -9.067
  110       4    4.713886   -2.500    2.000    3.460    -0.00003   -9.067
  111       4    4.728373    4.000   -0.500    2.471    -0.00010   -9.067
  112       4    4.728373   -2.000   -3.500    2.471     0.00001   -9.067
  113       4    4.728373   -2.000    3.500    2.471    -0.00002   -9.067
  114       4    4.728373    0.500   -4.000   -2.471    -0.00010   -9.068
  115       4    4.738006    0.000   -4.500   -1.483    -0.00019   -9.069
  116       4    4.742816    4.000    2.500    0.494    -0.00015   -9.069
  117       4    4.742816    2.500    4.000   -0.494    -0.00015   -9.070
  118       4    4.799826    1.500    1.000   -4.448    -0.00003   -9.070
  119       4    4.799826    1.000    1.500    4.448    -0.00006   -9.070
  120       4    4.818788   -3.000    1.500   -3.460    -0.00003   -9.070
  121       4    4.818788    3.000    1.500   -3.460    -0.00002   -9.070
  122       4    4.842386    3.500    3.000    1.483    -0.00022   -9.071
  123       4    4.842386   -4.500    1.000    1.483    -0.00011   -9.072
  124       4    4.842386    1.000   -4.500   -1.483    -0.00011   -9.072
  125       4    4.842386   -3.500    3.000    1.483    -0.00021   -9.073
  126       4    4.902890    0.500    2.000   -4.448     0.00002   -9.073
  127       4    4.902890    2.000    0.500    4.448     0.00002   -9.073
  128       4    4.921455    0.000   -3.500   -3.460    -0.00002   -9.073
  129       4    4.935333   -4.000   -1.500    2.471    -0.00005   -9.073
  130       4    4.935333    4.000   -1.500    2.471    -0.00005   -9.073
  131       4    4.944563    4.000   -2.500   -1.483    -0.00013   -9.074
  132       4    4.944563    2.500   -4.000    1.483    -0.00011   -9.074
  133       4    4.949172    4.500   -2.000   -0.494     0.00004   -9.074
  134       4    4.949172    2.000   -4.500    0.494     0.00003   -9.074

 pvgfe7: read J(rs), returning J(rs), ib=2, jb=1

 Sum J_ij=-0.009075  J_00= 0.000000  J_0=-0.009075 for ib=2, jb=1

 srvsym:  1636 vectors in 409 stars.  tau = 0.000 0.500 -0.494

   Star   nstar    |R|          -- R(jb)-R(ib) --        J(mRy)   sum J
    1       4    0.703065    0.500    0.000    0.494    -2.19566   -8.783
    2       4    1.222416    0.500   -1.000    0.494    -0.04947   -8.981
    3       4    1.222416   -0.500   -1.000    0.494    -0.04951   -9.179
    4       4    1.564833   -0.500    0.000   -1.483     0.00456   -9.160
    5       4    1.579335    0.000   -1.500   -0.494     0.00568   -9.138
    6       4    1.857068   -0.500    1.000   -1.483    -0.01264   -9.188
    7       4    1.857068    0.500    1.000   -1.483    -0.01260   -9.238
    8       4    1.869305    1.500   -1.000    0.494     0.02585   -9.135
    9       4    1.869305    1.500    1.000    0.494     0.02584   -9.032
   10       4    2.109195    0.000    1.500    1.483    -0.03797   -9.184
   11       4    2.119977    2.000   -0.500   -0.494     0.00263   -9.173
   12       4    2.119977   -2.000   -0.500   -0.494     0.00263   -9.163
   13       4    2.334246   -1.500    1.000   -1.483     0.00020   -9.162
   14       4    2.334246    1.500    1.000   -1.483     0.00018   -9.161
   15       4    2.521410    0.500    0.000    2.471     0.00136   -9.156
   16       4    2.539430   -2.000    0.500    1.483     0.00037   -9.154
   17       4    2.539430    2.000    0.500    1.483     0.00035   -9.153
   18       4    2.548392   -2.000   -1.500   -0.494     0.00229   -9.144
   19       4    2.548392   -2.500    0.000    0.494    -0.00145   -9.149
   20       4    2.548392    2.000   -1.500   -0.494     0.00226   -9.140
   21       4    2.712473   -0.500    1.000    2.471     0.00178   -9.133
   22       4    2.712473   -1.000    0.500   -2.471     0.00185   -9.126
   23       4    2.737572   -1.000    2.500   -0.494     0.00112   -9.121
   24       4    2.737572    2.500   -1.000    0.494     0.00114   -9.117
   25       4    2.890936    1.500    0.000    2.471    -0.00116   -9.121
   26       4    2.906665    0.000    2.500    1.483     0.00011   -9.121
   27       4    2.906665   -2.000    1.500    1.483     0.00021   -9.120
   28       4    2.906665   -1.500    2.000   -1.483     0.00023   -9.119
   29       4    3.059005    1.500    1.000    2.471    -0.00024   -9.120
   30       4    3.059005   -1.500    1.000    2.471    -0.00019   -9.121
   31       4    3.073874    2.500   -1.000   -1.483     0.00071   -9.118
   32       4    3.073874   -1.000    2.500    1.483     0.00075   -9.115
   33       4    3.081282    3.000   -0.500   -0.494    -0.00030   -9.116
   34       4    3.081282   -0.500    3.000    0.494    -0.00033   -9.118
   35       4    3.218308    0.500   -2.000    2.471     0.00004   -9.118
   36       4    3.218308    0.500    2.000    2.471     0.00008   -9.117
   37       4    3.239491   -2.000   -2.500   -0.494     0.00169   -9.110
   38       4    3.239491   -2.000    2.500   -0.494     0.00168   -9.104
   39       4    3.383593   -0.500   -3.000   -1.483    -0.00022   -9.105
   40       4    3.383593    3.000    0.500    1.483    -0.00022   -9.105
   41       4    3.390325   -3.000    1.500   -0.494     0.00156   -9.099
   42       4    3.390325   -1.500    3.000    0.494     0.00156   -9.093
   43       4    3.495814    0.500    0.000   -3.460     0.00032   -9.092
   44       4    3.515325    2.500    0.000    2.471     0.00084   -9.088
   45       4    3.515325    1.500   -2.000    2.471    -0.00060   -9.091
   46       4    3.515325   -1.500   -2.000    2.471    -0.00058   -9.093
   47       4    3.528272   -2.500    2.000   -1.483     0.00060   -9.091
   48       4    3.528272    2.000   -2.500    1.483     0.00059   -9.088
   49       4    3.534728   -3.500    0.000    0.494     0.00019   -9.088
   50       4    3.636030    0.500    1.000   -3.460     0.00007   -9.087
   51       4    3.636030    0.500   -1.000   -3.460     0.00011   -9.087
   52       4    3.654793    2.500    1.000    2.471    -0.00007   -9.087
   53       4    3.654793    2.500   -1.000    2.471    -0.00010   -9.087
   54       4    3.667247   -1.500    3.000   -1.483     0.00003   -9.087
   55       4    3.667247    3.000   -1.500    1.483     0.00004   -9.087
   56       4    3.673459    1.000   -3.500   -0.494     0.00056   -9.085
   57       4    3.673459   -1.000   -3.500   -0.494     0.00055   -9.083
   58       4    3.771037    1.500    0.000   -3.460     0.00018   -9.082
   59       4    3.801145   -3.500    0.000   -1.483     0.00007   -9.082
   60       4    3.901374    1.500    1.000   -3.460    -0.00041   -9.083
   61       4    3.901374   -1.000   -1.500    3.460    -0.00044   -9.085
   62       4    3.918866    0.500    3.000    2.471    -0.00025   -9.086
   63       4    3.918866   -0.500    3.000    2.471    -0.00024   -9.087
   64       4    3.930484    3.500   -1.000   -1.483     0.00002   -9.087
   65       4    3.930484   -3.500   -1.000   -1.483    -0.00001   -9.087
   66       4    3.936280    2.500   -3.000    0.494     0.00065   -9.084
   67       4    3.936280    2.500    3.000    0.494     0.00063   -9.082
   68       4    4.027495   -0.500    2.000   -3.460    -0.00027   -9.083
   69       4    4.027495   -0.500   -2.000   -3.460    -0.00028   -9.084
   70       4    4.044442   -2.500   -2.000    2.471     0.00017   -9.083
   71       4    4.044442    2.500   -2.000    2.471     0.00016   -9.083
   72       4    4.061318   -4.000   -0.500   -0.494    -0.00003   -9.083
   73       4    4.061318   -3.500   -2.000    0.494     0.00024   -9.082
   74       4    4.061318   -3.500    2.000    0.494     0.00023   -9.081
   75       4    4.061318   -4.000    0.500   -0.494    -0.00004   -9.081
   76       4    4.166234   -1.500   -3.000    2.471     0.00003   -9.081
   77       4    4.166234   -1.500    3.000    2.471     0.00004   -9.081
   78       4    4.177164   -2.500   -3.000   -1.483     0.00016   -9.080
   79       4    4.177164   -3.000   -2.500    1.483     0.00017   -9.080
   80       4    4.268573    1.500    2.000   -3.460    -0.00003   -9.080
   81       4    4.268573    1.500   -2.000   -3.460    -0.00006   -9.080
   82       4    4.268573    2.500    0.000   -3.460     0.00000   -9.080
   83       4    4.284566    3.500    0.000    2.471     0.00015   -9.079
   84       4    4.295195   -3.500   -2.000   -1.483     0.00033   -9.078
   85       4    4.295195    0.500   -4.000   -1.483     0.00026   -9.077
   86       4    4.295195   -3.500    2.000   -1.483     0.00032   -9.076
   87       4    4.295195    4.000   -0.500    1.483     0.00027   -9.075
   88       4    4.300500   -4.000    1.500   -0.494     0.00021   -9.074
   89       4    4.300500    4.000    1.500   -0.494     0.00020   -9.073
   90       4    4.384144    2.500   -1.000   -3.460     0.00004   -9.073
   91       4    4.384144    2.500    1.000   -3.460     0.00001   -9.073
   92       4    4.399717    3.500   -1.000    2.471     0.00019   -9.072
   93       4    4.399717    3.500    1.000    2.471     0.00019   -9.071
   94       4    4.476419    0.000    0.500   -4.448     0.00004   -9.071
   95       4    4.522024   -1.500    4.000   -1.483     0.00018   -9.070
   96       4    4.522024    1.500    4.000   -1.483     0.00017   -9.070
   97       4    4.527063    0.000   -4.500   -0.494    -0.00029   -9.071
   98       4    4.586756    0.500    1.000    4.448    -0.00008   -9.071
   99       4    4.586756   -1.000   -0.500   -4.448    -0.00004   -9.071
  100       4    4.606595    0.500    3.000   -3.460    -0.00011   -9.072
  101       4    4.606595    0.500   -3.000   -3.460    -0.00012   -9.072
  102       4    4.621419   -2.500   -3.000    2.471     0.00002   -9.072
  103       4    4.621419   -2.500    3.000    2.471     0.00000   -9.072
  104       4    4.636195   -3.000    3.500   -0.494     0.00072   -9.069
  105       4    4.636195    1.000   -4.500   -0.494    -0.00014   -9.070
  106       4    4.636195   -3.500    3.000    0.494     0.00073   -9.067
  107       4    4.636195   -1.000   -4.500   -0.494    -0.00015   -9.068
  108       4    4.694500    1.500    0.000    4.448     0.00020   -9.067
  109       4    4.713886   -2.000   -2.500    3.460    -0.00003   -9.067
  110       4    4.713886    2.500    2.000   -3.460    -0.00003   -9.067
  111       4    4.728373   -0.500   -4.000    2.471    -0.00010   -9.067
  112       4    4.728373   -3.500   -2.000    2.471    -0.00002   -9.067
  113       4    4.728373   -2.000   -3.500   -2.471     0.00001   -9.067
  114       4    4.728373   -0.500    4.000    2.471    -0.00010   -9.068
  115       4    4.738006   -4.500    0.000   -1.483    -0.00019   -9.069
  116       4    4.742816   -4.000    2.500   -0.494    -0.00015   -9.069
  117       4    4.742816   -4.000   -2.500   -0.494    -0.00015   -9.070
  118       4    4.799826    1.500    1.000    4.448    -0.00003   -9.070
  119       4    4.799826    1.000    1.500   -4.448    -0.00006   -9.070
  120       4    4.818788    3.000   -1.500    3.460    -0.00003   -9.070
  121       4    4.818788   -1.500    3.000   -3.460    -0.00002   -9.070
  122       4    4.842386   -3.500   -3.000   -1.483    -0.00022   -9.071
  123       4    4.842386   -3.500    3.000   -1.483    -0.00021   -9.072
  124       4    4.842386   -4.500   -1.000   -1.483    -0.00011   -9.072
  125       4    4.842386   -4.500    1.000   -1.483    -0.00011   -9.073
  126       4    4.902890   -0.500    2.000    4.448     0.00002   -9.073
  127       4    4.902890    0.500    2.000    4.448     0.00002   -9.073
  128       4    4.921455   -3.500    0.000   -3.460    -0.00002   -9.073
  129       4    4.935333   -4.000   -1.500   -2.471    -0.00005   -9.073
  130       4    4.935333   -4.000    1.500   -2.471    -0.00005   -9.073
  131       4    4.944563   -2.500   -4.000   -1.483    -0.00013   -9.074
  132       4    4.944563   -4.000   -2.500    1.483    -0.00011   -9.074
  133       4    4.949172    2.000    4.500   -0.494     0.00004   -9.074
  134       4    4.949172   -2.000    4.500   -0.494     0.00003   -9.074

 pvgfe7: read J(rs), returning J(rs), ib=2, jb=2

 Sum J_ij=-0.273627  J_00=-0.272043  J_0=-0.001583 for ib=2, jb=2

 srvsym:  1727 vectors in 434 stars.  tau = 0.000 0.000 0.000

   Star   nstar    |R|          -- R(jb)-R(ib) --        J(mRy)   sum J
    1       1    0.000000    0.000    0.000    0.000  -272.04348    0.000
    2       4    1.000000   -1.000    0.000    0.000    -0.15179   -0.607
    3       4    1.215402   -0.500   -0.500    0.989     0.02083   -0.524
    4       4    1.215402    0.500    0.500   -0.989     0.02083   -0.441
    5       4    1.414214    1.000    1.000    0.000    -0.11330   -0.894
    6       4    1.864726   -0.500   -1.500    0.989    -0.01256   -0.944
    7       4    1.864726   -1.500   -0.500    0.989     0.00773   -0.913
    8       4    1.864726   -0.500    1.500    0.989     0.00773   -0.882
    9       4    1.864726   -1.500    0.500    0.989    -0.01256   -0.932
   10       2    1.977070    0.000    0.000    1.977    -0.01516   -0.963
   11       4    2.000000    0.000    2.000    0.000    -0.02988   -1.082
   12       4    2.215582   -1.000    0.000    1.977     0.01028   -1.041
   13       4    2.215582    0.000   -1.000    1.977     0.01028   -1.000
   14       4    2.236068    2.000   -1.000    0.000    -0.02467   -1.099
   15       4    2.236068   -1.000    2.000    0.000    -0.01189   -1.146
   16       4    2.340342    1.500    1.500   -0.989    -0.01038   -1.188
   17       4    2.340342   -1.500    1.500   -0.989    -0.01038   -1.229
   18       4    2.430804   -1.000   -1.000    1.977    -0.00241   -1.239
   19       4    2.430804    1.000    1.000   -1.977    -0.00241   -1.249
   20       4    2.734447   -0.500    2.500    0.989     0.00481   -1.229
   21       4    2.734447    2.500   -0.500    0.989     0.00639   -1.204
   22       4    2.734447   -0.500   -2.500    0.989     0.00639   -1.178
   23       4    2.734447   -2.500   -0.500    0.989     0.00481   -1.159
   24       4    2.812260    0.000   -2.000    1.977    -0.00828   -1.192
   25       4    2.812260   -2.000    0.000    1.977    -0.00828   -1.225
   26       4    2.828427    2.000   -2.000    0.000    -0.02234   -1.315
   27       4    2.984762    2.000    1.000    1.977    -0.00366   -1.329
   28       4    2.984762   -2.000    1.000    1.977     0.00268   -1.319
   29       4    2.984762    1.000   -2.000    1.977    -0.00366   -1.333
   30       4    2.984762    1.000    2.000    1.977     0.00268   -1.322
   31       4    3.000000    0.000    3.000    0.000     0.00421   -1.306
   32       4    3.048740    0.500    0.500    2.966     0.00432   -1.288
   33       4    3.048740   -0.500   -0.500   -2.966     0.00432   -1.271
   34       4    3.078506   -2.500    1.500    0.989    -0.01136   -1.316
   35       4    3.078506    1.500   -2.500    0.989    -0.00897   -1.352
   36       4    3.078506    2.500    1.500    0.989    -0.00897   -1.388
   37       4    3.078506    1.500    2.500    0.989    -0.01136   -1.434
   38       4    3.162278   -1.000    3.000    0.000    -0.00794   -1.465
   39       4    3.162278    3.000   -1.000    0.000     0.00328   -1.452
   40       4    3.360776    1.500   -0.500   -2.966     0.00051   -1.450
   41       4    3.360776    1.500   -0.500    2.966     0.00051   -1.448
   42       4    3.360776   -0.500    1.500   -2.966    -0.00035   -1.450
   43       4    3.360776   -0.500    1.500    2.966    -0.00035   -1.451
   44       4    3.450914   -2.000    2.000    1.977     0.00145   -1.445
   45       4    3.450914   -2.000    2.000   -1.977     0.00145   -1.439
   46       4    3.592883    3.000    0.000    1.977     0.00157   -1.433
   47       4    3.592883    0.000    3.000    1.977     0.00157   -1.427
   48       4    3.605551    3.000   -2.000    0.000    -0.01147   -1.473
   49       4    3.605551   -2.000    3.000    0.000    -0.00872   -1.508
   50       4    3.646205    1.500    1.500   -2.966    -0.00034   -1.509
   51       4    3.646205    1.500   -1.500   -2.966    -0.00034   -1.510
   52       4    3.671131   -3.500   -0.500    0.989     0.00125   -1.505
   53       4    3.671131   -3.500    0.500    0.989     0.00015   -1.505
   54       4    3.671131    0.500    3.500    0.989     0.00015   -1.504
   55       4    3.671131    0.500   -3.500    0.989     0.00125   -1.499
   56       4    3.671131   -2.500   -2.500    0.989    -0.00097   -1.503
   57       4    3.671131    2.500   -2.500    0.989    -0.00097   -1.507
   58       4    3.729451   -1.000    3.000    1.977     0.00000   -1.507
   59       4    3.729451    3.000   -1.000    1.977    -0.00148   -1.513
   60       4    3.729451    3.000    1.000    1.977     0.00000   -1.513
   61       4    3.729451    1.000    3.000    1.977    -0.00148   -1.519
   62       4    3.910858    2.500   -0.500    2.966     0.00049   -1.517
   63       4    3.910858   -0.500    2.500    2.966     0.00119   -1.512
   64       4    3.910858    2.500    0.500    2.966     0.00119   -1.507
   65       4    3.910858    0.500    2.500    2.966     0.00049   -1.505
   66       4    3.934107    1.500   -3.500   -0.989    -0.00069   -1.508
   67       4    3.934107   -3.500    1.500   -0.989    -0.00050   -1.510
   68       4    3.934107   -3.500    1.500    0.989    -0.00050   -1.512
   69       4    3.934107    1.500   -3.500    0.989    -0.00069   -1.515
   70       2    3.954140    0.000    0.000    3.954     0.00089   -1.513
   71       4    4.000000    4.000    0.000    0.000    -0.00147   -1.519
   72       4    4.078630    0.000    1.000    3.954    -0.00052   -1.521
   73       4    4.078630    1.000    0.000    3.954    -0.00052   -1.523
   74       4    4.112032    3.000   -2.000    1.977     0.00146   -1.517
   75       4    4.112032   -2.000    3.000    1.977     0.00034   -1.516
   76       4    4.112032   -2.000    3.000   -1.977     0.00034   -1.515
   77       4    4.112032    3.000   -2.000   -1.977     0.00146   -1.509
   78       4    4.123106    1.000    4.000    0.000     0.00323   -1.496
   79       4    4.123106    1.000   -4.000    0.000     0.00259   -1.485
   80       4    4.158703    1.500   -2.500    2.966     0.00020   -1.485
   81       4    4.158703    1.500    2.500    2.966     0.00164   -1.478
   82       4    4.158703    2.500    1.500    2.966     0.00020   -1.477
   83       4    4.158703   -2.500    1.500    2.966     0.00164   -1.471
   84       4    4.199431   -1.000   -1.000    3.954     0.00000   -1.471
   85       4    4.199431    1.000   -1.000    3.954     0.00000   -1.471
   86       4    4.242641   -3.000    3.000    0.000    -0.01170   -1.518
   87       4    4.413298    2.500   -3.500   -0.989    -0.00208   -1.526
   88       4    4.413298   -3.500    2.500   -0.989    -0.00193   -1.534
   89       4    4.413298   -2.500   -3.500   -0.989    -0.00193   -1.541
   90       4    4.413298   -3.500   -2.500   -0.989    -0.00208   -1.550
   91       4    4.431165   -2.000    0.000    3.954    -0.00038   -1.551
   92       4    4.431165    0.000   -2.000    3.954    -0.00038   -1.553
   93       4    4.461928    4.000    0.000   -1.977    -0.00077   -1.556
   94       4    4.461928    0.000    4.000   -1.977    -0.00077   -1.559
   95       4    4.472136   -2.000   -4.000    0.000    -0.00474   -1.578
   96       4    4.472136    2.000   -4.000    0.000    -0.00094   -1.582
   97       4    4.542601    1.000   -2.000    3.954     0.00015   -1.581
   98       4    4.542601   -2.000    1.000    3.954    -0.00008   -1.581
   99       4    4.542601   -2.000   -1.000    3.954     0.00015   -1.581
  100       4    4.542601    1.000    2.000    3.954    -0.00008   -1.581
  101       4    4.572615    1.000   -4.000    1.977    -0.00016   -1.582
  102       4    4.572615    1.000    4.000    1.977     0.00057   -1.579
  103       4    4.572615    4.000    1.000    1.977    -0.00016   -1.580
  104       4    4.572615   -4.000    1.000    1.977     0.00057   -1.578
  105       4    4.614630    2.500   -2.500    2.966     0.00031   -1.577
  106       4    4.614630   -3.500    0.500   -2.966     0.00061   -1.574
  107       4    4.614630   -0.500    3.500   -2.966     0.00105   -1.570
  108       4    4.614630    3.500    0.500   -2.966     0.00105   -1.566
  109       4    4.614630   -2.500   -2.500    2.966     0.00031   -1.564
  110       4    4.614630    0.500    3.500   -2.966     0.00061   -1.562
  111       4    4.634350    4.500    0.500    0.989     0.00032   -1.561
  112       4    4.634350    0.500    4.500    0.989     0.00033   -1.559
  113       4    4.634350    0.500   -4.500    0.989     0.00032   -1.558
  114       4    4.634350   -4.500    0.500    0.989     0.00033   -1.557
  115       4    4.680684   -3.000   -3.000    1.977    -0.00072   -1.560
  116       4    4.680684   -3.000    3.000    1.977    -0.00072   -1.563
  117       4    4.826470   -3.500    1.500   -2.966    -0.00017   -1.563
  118       4    4.826470    1.500   -3.500   -2.966     0.00032   -1.562
  119       4    4.826470   -3.500   -1.500   -2.966     0.00032   -1.561
  120       4    4.826470   -1.500   -3.500   -2.966    -0.00017   -1.561
  121       4    4.845328    4.500    1.500    0.989     0.00055   -1.559
  122       4    4.845328    4.500    1.500   -0.989     0.00055   -1.557
  123       4    4.845328    1.500    4.500    0.989    -0.00047   -1.559
  124       4    4.845328    1.500    4.500   -0.989    -0.00047   -1.561
  125       4    4.861607    2.000   -2.000    3.954     0.00012   -1.560
  126       4    4.861607   -2.000   -2.000    3.954     0.00012   -1.560
  127       4    4.889663   -2.000   -4.000    1.977    -0.00077   -1.563
  128       4    4.889663   -4.000   -2.000    1.977    -0.00102   -1.567
  129       4    4.889663    2.000   -4.000    1.977    -0.00102   -1.571
  130       4    4.889663   -4.000    2.000    1.977    -0.00077   -1.574
  131       4    4.963388   -3.000    0.000    3.954     0.00013   -1.574
  132       4    4.963388    0.000   -3.000    3.954     0.00013   -1.573
  133       4    4.992999    0.500    0.500   -4.943    -0.00029   -1.574
  134       4    4.992999   -0.500    0.500   -4.943    -0.00029   -1.575
  135       4    5.000000   -4.000    3.000    0.000    -0.00879   -1.611
  136       4    5.000000    3.000   -4.000    0.000     0.00078   -1.607

 Sum J_ij for all pairs connected to listed sites (mRy)
 site       Sum J_ij       J_00    J_0(r<rcut)      J_0    2/3 J_0 (K)
   1        -282.699    -272.046     -10.651     -10.652   -1120.8
   2        -282.702    -272.043     -10.657     -10.658   -1121.4
 -------
 avg        -282.700    -272.045     -10.654     -10.655   -1121.1 (-1121.0 r<rcut)

 ... Mean-field estimate:  Tc = 67.953 meV =  788.6 K
 Site  ez        Site  ez
   1  -0.7072 |    2   0.7070 |

 pvgfeo:  Symmetrize J(q) ... max deviation = 0

 ... generalized Tyablikov estimate for Tc, 2 site(s)
 mixing: mode=B  nmix=2  beta=.3  kill=7  betv=0
... iter 1 : RMS deviation in Tc = 0.006 meV   avg = -7.582 meV
... iter 2 : RMS deviation in Tc = 0.143 meV   avg = 18.725 meV
... iter 3 : RMS deviation in Tc = 0.415 meV   avg = -3.723 meV
... iter 4 : RMS deviation in Tc = 0.092 meV   avg = -21.362 meV
... iter 5 : RMS deviation in Tc = 0.057 meV   avg = 13.190 meV
... iter 6 : RMS deviation in Tc = 0.081 meV   avg = 13.100 meV
... iter 7 : RMS deviation in Tc = 0.105 meV   avg = 21.266 meV
... iter 8 : RMS deviation in Tc = 0.003 meV   avg = -8.320 meV
... iter 9 : RMS deviation in Tc = 0.039 meV   avg = -3.542 meV
... iter 10 : RMS deviation in Tc = 0.003 meV   avg = 13.021 meV
... iter 11 : RMS deviation in Tc = 0.798 meV   avg = -33.934 meV
... iter 12 : RMS deviation in Tc = 1.212 meV   avg = 12.493 meV
... iter 13 : RMS deviation in Tc = 0.342 meV   avg = 9.679 meV
... iter 14 : RMS deviation in Tc = 0.314 meV   avg = 7.849 meV
... iter 15 : RMS deviation in Tc = 13.570 meV   avg = 139.273 meV
... iter 16 : RMS deviation in Tc = 12.467 meV   avg = 57.684 meV
... iter 17 : RMS deviation in Tc = 10.268 meV   avg = 61.403 meV
... iter 18 : RMS deviation in Tc = 97.210 meV   avg = -1245.092 meV
... iter 19 : RMS deviation in Tc = 1.351 meV   avg = -96.368 meV
... iter 20 : RMS deviation in Tc = 28.179 meV   avg = 195.393 meV
... iter 21 : RMS deviation in Tc = 32.088 meV   avg = 285.622 meV
... iter 22 : RMS deviation in Tc = 26.678 meV   avg = 205.685 meV
... iter 23 : RMS deviation in Tc = 0.606 meV   avg = 28.548 meV
... iter 24 : RMS deviation in Tc = 3.264 meV   avg = 230.173 meV
... iter 25 : RMS deviation in Tc = 4.334 meV   avg = 105.231 meV
... iter 26 : RMS deviation in Tc = 0.166 meV   avg = -22.850 meV
... iter 27 : RMS deviation in Tc = 5.012 meV   avg = 137.447 meV
... iter 28 : RMS deviation in Tc = 0.101 meV   avg = 36.880 meV
... iter 29 : RMS deviation in Tc = 0.037 meV   avg = -17.128 meV
... iter 30 : RMS deviation in Tc = 0.746 meV   avg = 27.308 meV
... iter 31 : RMS deviation in Tc = 35.336 meV   avg = -9.587 meV
... iter 32 : RMS deviation in Tc = 1.006 meV   avg = 23.449 meV
... iter 33 : RMS deviation in Tc = 12.517 meV   avg = 52.328 meV
... iter 34 : RMS deviation in Tc = 12.320 meV   avg = 52.479 meV
... iter 35 : RMS deviation in Tc = 1.905 meV   avg = 31.433 meV
... iter 36 : RMS deviation in Tc = 8.904 meV   avg = 83.733 meV
... iter 37 : RMS deviation in Tc = 17.988 meV   avg = 49.304 meV
... iter 38 : RMS deviation in Tc = 2.165 meV   avg = -72.015 meV
... iter 39 : RMS deviation in Tc = 0.205 meV   avg = -9.194 meV
... iter 40 : RMS deviation in Tc = 131.438 meV   avg = -217.443 meV
... iter 41 : RMS deviation in Tc = 341.402 meV   avg = 471.196 meV
... iter 42 : RMS deviation in Tc = 10.970 meV   avg = 44.467 meV
... iter 43 : RMS deviation in Tc = 14.790 meV   avg = -81.582 meV
... iter 44 : RMS deviation in Tc = 418.885 meV   avg = -608.152 meV
... iter 45 : RMS deviation in Tc = 606.310 meV   avg = -878.828 meV
... iter 46 : RMS deviation in Tc = 1553.455 meV   avg = 2184.485 meV
... iter 47 : RMS deviation in Tc = 23.867 meV   avg = 53.770 meV
... iter 48 : RMS deviation in Tc = 0.369 meV   avg = 25.319 meV
... iter 49 : RMS deviation in Tc = 56.286 meV   avg = 193.141 meV
... iter 50 : RMS deviation in Tc = 26.466 meV   avg = 57.106 meV
... iter 51 : RMS deviation in Tc = 17.110 meV   avg = 51.917 meV
... iter 52 : RMS deviation in Tc = 10.044 meV   avg = 75.723 meV
... iter 53 : RMS deviation in Tc = 4.069 meV   avg = -119.909 meV
... iter 54 : RMS deviation in Tc = 3.466 meV   avg = -48.231 meV
... iter 55 : RMS deviation in Tc = 8.201 meV   avg = -82.318 meV
... iter 56 : RMS deviation in Tc = 66.540 meV   avg = 104.115 meV
... iter 57 : RMS deviation in Tc = 18.688 meV   avg = 48.786 meV
... iter 58 : RMS deviation in Tc = 16.832 meV   avg = 143.201 meV
... iter 59 : RMS deviation in Tc = 16.209 meV   avg = 65.446 meV
... iter 60 : RMS deviation in Tc = 3.877 meV   avg = -219.326 meV
... iter 61 : RMS deviation in Tc = 27.753 meV   avg = 322.892 meV
... iter 62 : RMS deviation in Tc = 0.162 meV   avg = -34.319 meV
... iter 63 : RMS deviation in Tc = 13.742 meV   avg = 132.480 meV
... iter 64 : RMS deviation in Tc = 0.036 meV   avg = -7.969 meV
... iter 65 : RMS deviation in Tc = 1.383 meV   avg = 89.777 meV
... iter 66 : RMS deviation in Tc = 4.491 meV   avg = 62.595 meV
... iter 67 : RMS deviation in Tc = 14.768 meV   avg = 175.248 meV
... iter 68 : RMS deviation in Tc = 7.715 meV   avg = 68.311 meV
... iter 69 : RMS deviation in Tc = 10.955 meV   avg = 98.104 meV
... iter 70 : RMS deviation in Tc = 46.148 meV   avg = 401.688 meV
... iter 71 : RMS deviation in Tc = 10.999 meV   avg = 59.268 meV
... iter 72 : RMS deviation in Tc = 0.013 meV   avg = -7.623 meV
... iter 73 : RMS deviation in Tc = 12.042 meV   avg = 105.637 meV
... iter 74 : RMS deviation in Tc = 0.016 meV   avg = -7.595 meV
... iter 75 : RMS deviation in Tc = 0.047 meV   avg = -23.158 meV
... iter 76 : RMS deviation in Tc = 4.513 meV   avg = -89.251 meV
... iter 77 : RMS deviation in Tc = 6.528 meV   avg = 47.414 meV
... iter 78 : RMS deviation in Tc = 0.117 meV   avg = 13.024 meV
... iter 79 : RMS deviation in Tc = 2.183 meV   avg = 36.435 meV
... iter 80 : RMS deviation in Tc = 12.870 meV   avg = 56.936 meV
... iter 81 : RMS deviation in Tc = 11.311 meV   avg = 59.019 meV
... iter 82 : RMS deviation in Tc = 18.450 meV   avg = 181.267 meV
... iter 83 : RMS deviation in Tc = 1.716 meV   avg = -70.217 meV
... iter 84 : RMS deviation in Tc = 0.743 meV   avg = -50.988 meV
... iter 85 : RMS deviation in Tc = 2.038 meV   avg = 43.900 meV
... iter 86 : RMS deviation in Tc = 5.568 meV   avg = 50.982 meV
... iter 87 : RMS deviation in Tc = 1.905 meV   avg = 35.578 meV
... iter 88 : RMS deviation in Tc = 9.726 meV   avg = 69.147 meV
... iter 89 : RMS deviation in Tc = 16.198 meV   avg = 165.044 meV
... iter 90 : RMS deviation in Tc = 0.164 meV   avg = -24.786 meV
... iter 91 : RMS deviation in Tc = 0.323 meV   avg = -43.907 meV
... iter 92 : RMS deviation in Tc = 1.110 meV   avg = 36.962 meV
... iter 93 : RMS deviation in Tc = 0.068 meV   avg = 16.062 meV
... iter 94 : RMS deviation in Tc = 0.418 meV   avg = -28.615 meV
... iter 95 : RMS deviation in Tc = 0.016 meV   avg = 14.210 meV
... iter 96 : RMS deviation in Tc = 0.183 meV   avg = 11.903 meV
... iter 97 : RMS deviation in Tc = 0.109 meV   avg = 6.763 meV
... iter 98 : RMS deviation in Tc = 9.765 meV   avg = 57.271 meV
... iter 99 : RMS deviation in Tc = 10.071 meV   avg = 63.759 meV
... iter 100 : RMS deviation in Tc = 4.655 meV   avg = -356.466 meV
... iter 101 : RMS deviation in Tc = 1.410 meV   avg = -55.121 meV
... iter 102 : RMS deviation in Tc = 4.110 meV   avg = -77.131 meV
... iter 103 : RMS deviation in Tc = 6.715 meV   avg = 46.928 meV
... iter 104 : RMS deviation in Tc = 5.488 meV   avg = 47.114 meV
... iter 105 : RMS deviation in Tc = 1.064 meV   avg = 37.080 meV
... iter 106 : RMS deviation in Tc = 14.809 meV   avg = 193.891 meV
... iter 107 : RMS deviation in Tc = 1.188 meV   avg = -54.927 meV
... iter 108 : RMS deviation in Tc = 0.174 meV   avg = 22.727 meV
... iter 109 : RMS deviation in Tc = 2.896 meV   avg = 41.807 meV
... iter 110 : RMS deviation in Tc = 4.556 meV   avg = 57.337 meV
... iter 111 : RMS deviation in Tc = 6.638 meV   avg = 63.845 meV
... iter 112 : RMS deviation in Tc = 4.672 meV   avg = -38.202 meV
... iter 113 : RMS deviation in Tc = 2.713 meV   avg = 81.090 meV
... iter 114 : RMS deviation in Tc = 1.698 meV   avg = 115.759 meV
... iter 115 : RMS deviation in Tc = 0.891 meV   avg = 113.279 meV
... iter 116 : RMS deviation in Tc = 3.095 meV   avg = -41.003 meV
... iter 117 : RMS deviation in Tc = 3.801 meV   avg = 149.770 meV
... iter 118 : RMS deviation in Tc = 3.604 meV   avg = 116.639 meV
... iter 119 : RMS deviation in Tc = 26.779 meV   avg = 351.337 meV
... iter 120 : RMS deviation in Tc = 31.769 meV   avg = 303.482 meV
... iter 121 : RMS deviation in Tc = 0.113 meV   avg = -10.677 meV
... iter 122 : RMS deviation in Tc = 615.687 meV   avg = -1376.977 meV
... iter 123 : RMS deviation in Tc = 13.568 meV   avg = 148.497 meV
... iter 124 : RMS deviation in Tc = 10.370 meV   avg = 112.341 meV
... iter 125 : RMS deviation in Tc = 7.524 meV   avg = 56.427 meV
... iter 126 : RMS deviation in Tc = 0.095 meV   avg = -22.403 meV
... iter 127 : RMS deviation in Tc = 8794.217 meV   avg = -10751.176 meV
... iter 128 : RMS deviation in Tc = 10.185 meV   avg = 93.237 meV
... iter 129 : RMS deviation in Tc = 19.388 meV   avg = 152.512 meV
... iter 130 : RMS deviation in Tc = 7.172 meV   avg = 85.289 meV
... iter 131 : RMS deviation in Tc = 0.173 meV   avg = -18.425 meV
... iter 132 : RMS deviation in Tc = 0.607 meV   avg = 28.332 meV
... iter 133 : RMS deviation in Tc = 0.993 meV   avg = 12.479 meV
... iter 134 : RMS deviation in Tc = 0.602 meV   avg = 32.085 meV
... iter 135 : RMS deviation in Tc = 0.022 meV   avg = -7.598 meV
... iter 136 : RMS deviation in Tc = 361.464 meV   avg = 320.432 meV
... iter 137 : RMS deviation in Tc = 15571.161 meV   avg = 22192.916 meV
... iter 138 : RMS deviation in Tc = 247.148 meV   avg = -86.403 meV
... iter 139 : RMS deviation in Tc = 267.559 meV   avg = -139.138 meV
... iter 140 : RMS deviation in Tc = 290.392 meV   avg = -170.940 meV
... iter 141 : RMS deviation in Tc = 415.320 meV   avg = 577.843 meV
... iter 142 : RMS deviation in Tc = 30.160 meV   avg = 60.337 meV
... iter 143 : RMS deviation in Tc = 12.193 meV   avg = 50.349 meV
... iter 144 : RMS deviation in Tc = 9.626 meV   avg = 55.338 meV
... iter 145 : RMS deviation in Tc = 8008.973 meV   avg = 8784.537 meV
... iter 146 : RMS deviation in Tc = 10.170 meV   avg = 90.223 meV
... iter 147 : RMS deviation in Tc = 9.682 meV   avg = 87.632 meV
... iter 148 : RMS deviation in Tc = 10.304 meV   avg = 99.359 meV
... iter 149 : RMS deviation in Tc = 0.273 meV   avg = -18.238 meV
... iter 150 : RMS deviation in Tc = 0.402 meV   avg = -19.399 meV
... iter 151 : RMS deviation in Tc = 2.021 meV   avg = 48.069 meV
... iter 152 : RMS deviation in Tc = 1.149 meV   avg = 37.710 meV
... iter 153 : RMS deviation in Tc = 3.479 meV   avg = -43.793 meV
... iter 154 : RMS deviation in Tc = 0.242 meV   avg = 37.219 meV
... iter 155 : RMS deviation in Tc = 0.034 meV   avg = 35.957 meV
... iter 156 : RMS deviation in Tc = 1.045 meV   avg = 42.256 meV
... iter 157 : RMS deviation in Tc = 10.091 meV   avg = 58.090 meV
... iter 158 : RMS deviation in Tc = 9.824 meV   avg = 71.072 meV
... iter 159 : RMS deviation in Tc = 2.788 meV   avg = -108.783 meV
... iter 160 : RMS deviation in Tc = 0.697 meV   avg = -37.113 meV
... iter 161 : RMS deviation in Tc = 2.354 meV   avg = 46.927 meV
... iter 162 : RMS deviation in Tc = 2.954 meV   avg = 47.905 meV
... iter 163 : RMS deviation in Tc = 1424.552 meV   avg = -2059.070 meV
... iter 164 : RMS deviation in Tc = 30.637 meV   avg = 60.957 meV
... iter 165 : RMS deviation in Tc = 7.986 meV   avg = 49.388 meV
... iter 166 : RMS deviation in Tc = 8.999 meV   avg = 49.093 meV
... iter 167 : RMS deviation in Tc = 0.776 meV   avg = 49.984 meV
... iter 168 : RMS deviation in Tc = 12.691 meV   avg = 232.343 meV
... iter 169 : RMS deviation in Tc = 0.017 meV   avg = -10.764 meV
... iter 170 : RMS deviation in Tc = 2848.395 meV   avg = -3593.173 meV
... iter 171 : RMS deviation in Tc = 822.175 meV   avg = 5556.620 meV
... iter 172 : RMS deviation in Tc = 9.140 meV   avg = 213.313 meV
... iter 173 : RMS deviation in Tc = 6.480 meV   avg = 406.312 meV
... iter 174 : RMS deviation in Tc = 13.951 meV   avg = 175.612 meV
... iter 175 : RMS deviation in Tc = 16592.374 meV   avg = 26227.915 meV
... iter 176 : RMS deviation in Tc = 3.501 meV   avg = -88.400 meV
... iter 177 : RMS deviation in Tc = 12.986 meV   avg = 168.980 meV
... iter 178 : RMS deviation in Tc = 12.149 meV   avg = 164.626 meV
... iter 179 : RMS deviation in Tc = 0.107 meV   avg = -11.889 meV
... iter 180 : RMS deviation in Tc = 0.676 meV   avg = -21.616 meV
... iter 181 : RMS deviation in Tc = 6.568 meV   avg = 61.281 meV
... iter 182 : RMS deviation in Tc = 8.189 meV   avg = 51.585 meV
... iter 183 : RMS deviation in Tc = 7.022 meV   avg = -249.696 meV
... iter 184 : RMS deviation in Tc = 2.934 meV   avg = -226.854 meV
... iter 185 : RMS deviation in Tc = 6.159 meV   avg = 41.312 meV
... iter 186 : RMS deviation in Tc = 2.523 meV   avg = 38.406 meV
... iter 187 : RMS deviation in Tc = 2.382 meV   avg = 45.593 meV
... iter 188 : RMS deviation in Tc = 0.136 meV   avg = -22.932 meV
... iter 189 : RMS deviation in Tc = 1.308 meV   avg = 44.472 meV
... iter 190 : RMS deviation in Tc = 1.067 meV   avg = 35.951 meV
... iter 191 : RMS deviation in Tc = 1.789 meV   avg = 43.661 meV
... iter 192 : RMS deviation in Tc = 0.014 meV   avg = -9.400 meV
... iter 193 : RMS deviation in Tc = 6.332 meV   avg = -55.467 meV
... iter 194 : RMS deviation in Tc = 0.466 meV   avg = 30.480 meV
... iter 195 : RMS deviation in Tc = 8.781 meV   avg = 62.693 meV
... iter 196 : RMS deviation in Tc = 0.178 meV   avg = 26.931 meV
... iter 197 : RMS deviation in Tc = 9.151 meV   avg = 56.056 meV
... iter 198 : RMS deviation in Tc = 10.965 meV   avg = 58.991 meV
... iter 199 : RMS deviation in Tc = 11.947 meV   avg = 111.622 meV
... iter 200 : RMS deviation in Tc = 0.014 meV   avg = -18.618 meV
... iter 201 : RMS deviation in Tc = 0.756 meV   avg = -19.054 meV
... iter 202 : RMS deviation in Tc = 15.932 meV   avg = 128.157 meV
... iter 203 : RMS deviation in Tc = 15.653 meV   avg = 111.522 meV
... iter 204 : RMS deviation in Tc = 6.200 meV   avg = 49.172 meV
... iter 205 : RMS deviation in Tc = 4.416 meV   avg = -435.938 meV
... iter 206 : RMS deviation in Tc = 16.242 meV   avg = -135.328 meV
... iter 207 : RMS deviation in Tc = 8.497 meV   avg = 71.849 meV
... iter 208 : RMS deviation in Tc = 0.129 meV   avg = 37.145 meV
... iter 209 : RMS deviation in Tc = 673.869 meV   avg = 811.852 meV
... iter 210 : RMS deviation in Tc = 0.117 meV   avg = 8.783 meV
... iter 211 : RMS deviation in Tc = 0.418 meV   avg = -37.645 meV
... iter 212 : RMS deviation in Tc = 30.807 meV   avg = 92.235 meV
... iter 213 : RMS deviation in Tc = 7.555 meV   avg = 41.696 meV
... iter 214 : RMS deviation in Tc = 4.474 meV   avg = -35.364 meV
... iter 215 : RMS deviation in Tc = 6.068 meV   avg = 37.458 meV
... iter 216 : RMS deviation in Tc = 3.552 meV   avg = 30.747 meV
... iter 217 : RMS deviation in Tc = 4.169 meV   avg = 39.368 meV
... iter 218 : RMS deviation in Tc = 9.068 meV   avg = 68.729 meV
... iter 219 : RMS deviation in Tc = 19.006 meV   avg = 201.474 meV
... iter 220 : RMS deviation in Tc = 0.047 meV   avg = -16.523 meV
... iter 221 : RMS deviation in Tc = 1.044 meV   avg = -63.860 meV
... iter 222 : RMS deviation in Tc = 6.091 meV   avg = -81.655 meV
... iter 223 : RMS deviation in Tc = 18.131 meV   avg = 48.623 meV
... iter 224 : RMS deviation in Tc = 15.710 meV   avg = 60.233 meV
... iter 225 : RMS deviation in Tc = 0.215 meV   avg = -12.549 meV
... iter 226 : RMS deviation in Tc = 0.654 meV   avg = -15.528 meV
... iter 227 : RMS deviation in Tc = 1.903 meV   avg = 43.186 meV
... iter 228 : RMS deviation in Tc = 3.519 meV   avg = 57.107 meV
... iter 229 : RMS deviation in Tc = 5.049 meV   avg = 62.536 meV
... iter 230 : RMS deviation in Tc = 6.116 meV   avg = 67.748 meV
... iter 231 : RMS deviation in Tc = 2.959 meV   avg = -24.736 meV
... iter 232 : RMS deviation in Tc = 2.125 meV   avg = 89.337 meV
... iter 233 : RMS deviation in Tc = 1.428 meV   avg = 123.204 meV
... iter 234 : RMS deviation in Tc = 2.153 meV   avg = 125.066 meV
... iter 235 : RMS deviation in Tc = 5.954 meV   avg = 130.251 meV
... iter 236 : RMS deviation in Tc = 0.065 meV   avg = -6.948 meV
... iter 237 : RMS deviation in Tc = 23.580 meV   avg = 291.528 meV
... iter 238 : RMS deviation in Tc = 8.315 meV   avg = 288.690 meV
... iter 239 : RMS deviation in Tc = 281.129 meV   avg = 1260.031 meV
... iter 240 : RMS deviation in Tc = 29.103 meV   avg = 303.308 meV
... iter 241 : RMS deviation in Tc = 38.401 meV   avg = 390.444 meV
... iter 242 : RMS deviation in Tc = 0.019 meV   avg = -7.806 meV
... iter 243 : RMS deviation in Tc = 0.025 meV   avg = -7.821 meV
... iter 244 : RMS deviation in Tc = 1.404 meV   avg = 34.665 meV
... iter 245 : RMS deviation in Tc = 0.086 meV   avg = 32.852 meV
... iter 246 : RMS deviation in Tc = 31.633 meV   avg = 142.417 meV
... iter 247 : RMS deviation in Tc = 17.069 meV   avg = 179.346 meV
... iter 248 : RMS deviation in Tc = 25.364 meV   avg = 268.246 meV
... iter 249 : RMS deviation in Tc = 0.178 meV   avg = -18.117 meV
... iter 250 : RMS deviation in Tc = 0.026 meV   avg = -7.662 meV
... iter 251 : RMS deviation in Tc = 1.494 meV   avg = 32.562 meV
... iter 252 : RMS deviation in Tc = 0.354 meV   avg = 37.026 meV
... iter 253 : RMS deviation in Tc = 18.149 meV   avg = 104.405 meV
... iter 254 : RMS deviation in Tc = 14.245 meV   avg = 142.593 meV
... iter 255 : RMS deviation in Tc = 21.270 meV   avg = 217.666 meV
... iter 256 : RMS deviation in Tc = 0.019 meV   avg = -7.916 meV
... iter 257 : RMS deviation in Tc = 0.024 meV   avg = -7.963 meV
... iter 258 : RMS deviation in Tc = 1.664 meV   avg = 31.566 meV
... iter 259 : RMS deviation in Tc = 0.774 meV   avg = 41.027 meV
... iter 260 : RMS deviation in Tc = 10.916 meV   avg = 81.186 meV
... iter 261 : RMS deviation in Tc = 12.966 meV   avg = 129.113 meV
... iter 262 : RMS deviation in Tc = 20.910 meV   avg = 219.066 meV
... iter 263 : RMS deviation in Tc = 0.024 meV   avg = -8.289 meV
... iter 264 : RMS deviation in Tc = 0.032 meV   avg = -8.400 meV
... iter 265 : RMS deviation in Tc = 1.161 meV   avg = 28.910 meV
... iter 266 : RMS deviation in Tc = 0.233 meV   avg = 30.480 meV
... iter 267 : RMS deviation in Tc = 176.961 meV   avg = 451.468 meV
... iter 268 : RMS deviation in Tc = 17.024 meV   avg = 174.589 meV
... iter 269 : RMS deviation in Tc = 19.957 meV   avg = 214.262 meV
... iter 270 : RMS deviation in Tc = 12.047 meV   avg = 119.886 meV
... iter 271 : RMS deviation in Tc = 0.123 meV   avg = -15.084 meV
... iter 272 : RMS deviation in Tc = 0.179 meV   avg = -15.388 meV
... iter 273 : RMS deviation in Tc = 1.267 meV   avg = 40.858 meV
... iter 274 : RMS deviation in Tc = 0.375 meV   avg = 28.195 meV
... iter 275 : RMS deviation in Tc = 24.912 meV   avg = 118.734 meV
... iter 276 : RMS deviation in Tc = 0.105 meV   avg = -12.666 meV
... iter 277 : RMS deviation in Tc = 9.934 meV   avg = 73.573 meV
... iter 278 : RMS deviation in Tc = 255.823 meV   avg = 39.207 meV
... iter 279 : RMS deviation in Tc = 261.555 meV   avg = -56.313 meV
... iter 280 : RMS deviation in Tc = 14.134 meV   avg = 88.546 meV
... iter 281 : RMS deviation in Tc = 21.588 meV   avg = 110.739 meV
... iter 282 : RMS deviation in Tc = 257.304 meV   avg = 516.476 meV
... iter 283 : RMS deviation in Tc = 9.988 meV   avg = 56.062 meV
... iter 284 : RMS deviation in Tc = 12.385 meV   avg = 56.707 meV
... iter 285 : RMS deviation in Tc = 12.830 meV   avg = 58.112 meV
... iter 286 : RMS deviation in Tc = 5.164 meV   avg = -129.638 meV
... iter 287 : RMS deviation in Tc = 7.993 meV   avg = -125.204 meV
... iter 288 : RMS deviation in Tc = 11.981 meV   avg = 50.560 meV
... iter 289 : RMS deviation in Tc = 8.875 meV   avg = 46.952 meV
... iter 290 : RMS deviation in Tc = 1.076 meV   avg = 50.889 meV
... iter 291 : RMS deviation in Tc = 20.285 meV   avg = 206.745 meV
... iter 292 : RMS deviation in Tc = 0.083 meV   avg = -21.578 meV
... iter 293 : RMS deviation in Tc = 0.086 meV   avg = 17.148 meV
... iter 294 : RMS deviation in Tc = 0.658 meV   avg = -22.625 meV
... iter 295 : RMS deviation in Tc = 0.608 meV   avg = -53.101 meV
... iter 296 : RMS deviation in Tc = 0.120 meV   avg = 9.181 meV
... iter 297 : RMS deviation in Tc = 0.122 meV   avg = -14.467 meV
... iter 298 : RMS deviation in Tc = 0.635 meV   avg = 26.554 meV
... iter 299 : RMS deviation in Tc = 0.110 meV   avg = 13.774 meV
 ... RPA Tc did NOT converge.  Current value:  Tc = 5.988 meV =  69.5 K
 Site  ez        Site  ez
   1   0.3705 |    2  -0.3666 |

 pvgfe8:  Make w(q) from J(q)
 pvgfe8:  antiferromagnetic case ...

 ... Stiffness from lim(lambda->0) FT 1/6 T**2 omega(T) exp(-lambda T)
    lambda    om(lambda,0)  om(lambda,0)  ln(om)
              Ry-alat**2    meV-A**2     (file sstiff)
  10.304219    0.000002      0.007       -5.0030
   9.273797    0.000005      0.020       -3.9292
   8.243375    0.000015      0.058       -2.8458
   7.212953    0.000046      0.174       -1.7505
   6.182532    0.000138      0.527       -0.6407
   5.152110    0.000428      1.629        0.4880
   4.121688    0.001359      5.171        1.6430
   3.091266    0.004503     17.137        2.8412
   2.060844    0.016319     62.108        4.1289
   1.030422    0.077736    295.849        5.6898
   0.000000    1.565822   5959.264        8.6927

 ... generating J on a doubled mesh

 CHGMSH: remake f (15 * 15 * 15)  to f (30 * 30 * 30),  opt=13

 ... Make w(q) along lines in syml file (mRy)
 ... no syml file ... skipping SW spectra
 Exit 0 LMGF
 CPU time:  3.962s   Wall clock 3.970s  at  10:32:26 29.07.2025  on
