 ----------------- LMGF - ref: bebeec33 ------------------

 LMGF:     nbas = 8  nspec = 3  verb 35
 special:  forces,  display J
 pot:      spin-pol, read Sigma
 libxc:    GGA X (Perdew, Burke & Ernzerhof SOL) + GGA C (Perdew, Burke & Ernzerhof SOL)
 asa:      no-ccor, two-c-H
 bz:       metal(5), tetra 

                Plat                                  Qlat
  -0.500000   0.500000   0.988535       -1.000000   0.000000   0.505799
   0.500000  -0.500000   0.988535        0.000000  -1.000000   0.505799
   0.500000   0.500000   0.988535        1.000000   1.000000   0.000000
   alat = 10.304219  Cell vol = 1081.526890

 LATTC:  as= 2.000   tol=1.00e-16   alat=10.30422   awald= 0.195   lmax=6
         r1=  3.699   nkd= 223      q1=  4.525   nkg= 405

 SGROUP: 1 symmetry operations from 0 generators
 SYMLAT: Bravais system is tetragonal with 16 symmetry operations.
 SYMCRY: crystal invariant under 8 symmetry operations for tol=1e-5
 GROUPG: the following are sufficient to generate the space group:
         i*r4z m(1,1,0):(-1/2,0,-0.4942675)
         i*r4z m(1,1,0)::(1/4,-1/4,-1/2)
 MKSYM:  found 8 space group operations; adding inversion generated 16 ops
 BZMESH: 288 irreducible QP from 3375 ( 15 15 15 )  shift= F F F
 TETIRR: sorting 20250 tetrahedra ... 4311 inequivalent ones found

 EXASA (warning): no sigm file found ... DFT calculation only

 EXASA: print properties calculated from J

 Makidx:  hamiltonian dimensions Low, Int, High, Negl: 128 0 0 0
 SUHAM : 2nd generation ASA; potential functions P3
  
 ZMESH: nz=10 (real axis: Im(z)=0)  e1,e2=0,0  wz=0
 Class   dq     amom      Class   dq     amom      Class   dq     amom
   1   0.0000  3.1020  |    2   0.0000  0.0000  |    3   0.0000  0.0000

 ... Display properties of Jij (GF mode 11):  rcut = -5*alat
 baslst:  1 2
 ... writing real-space Jij
 exasa: located (1,1) pair in file jr

 pvgfe7: read J(rs), returning J(rs), ib=1, jb=1

 Sum J_ij=-0.264360  J_00=-0.266270  J_0= 0.001910 for ib=1, jb=1

 srvsym:  1727 vectors in 434 stars.  tau = 0.000 0.000 0.000

   Star   nstar    |R|          -- R(jb)-R(ib) --        J(mRy)   sum J
    1       1    0.000000    0.000    0.000    0.000  -266.26965    0.000
    2       4    1.000000   -1.000    0.000    0.000     0.16231    0.649
    3       4    1.215402   -0.500   -0.500    0.989     0.15880    1.284         0.000
    4       4    1.215402    0.500    0.500   -0.989     0.15880    1.920         0.000
    5       4    1.414214    1.000    1.000    0.000    -0.13036    1.398         0.000
    6       4    1.864726   -0.500   -1.500    0.989     0.00166    1.405         0.000
    7       4    1.864726   -1.500   -0.500    0.989    -0.02866    1.290         0.000
    8       4    1.864726   -0.500    1.500    0.989    -0.02866    1.176         0.000
    9       4    1.864726   -1.500    0.500    0.989     0.00166    1.182         0.000
   10       2    1.977070    0.000    0.000    1.977    -0.01119    1.160
   11       4    2.000000    0.000    2.000    0.000     0.02205    1.248
   12       4    2.215582   -1.000    0.000    1.977    -0.00624    1.223
   13       4    2.215582    0.000   -1.000    1.977    -0.00624    1.198
   14       4    2.236068    2.000   -1.000    0.000     0.03360    1.333         0.000
   15       4    2.236068   -1.000    2.000    0.000     0.01490    1.392         0.000
   16       4    2.340342    1.500    1.500   -0.989     0.00751    1.422         0.000
   17       4    2.340342   -1.500    1.500   -0.989     0.00751    1.452         0.000
   18       4    2.430804   -1.000   -1.000    1.977     0.00692    1.480         0.000
   19       4    2.430804    1.000    1.000   -1.977     0.00692    1.508         0.000
   20       4    2.734447   -0.500    2.500    0.989     0.00313    1.520         0.000
   21       4    2.734447    2.500   -0.500    0.989     0.00942    1.558         0.000
   22       4    2.734447   -0.500   -2.500    0.989     0.00942    1.595         0.000
   23       4    2.734447   -2.500   -0.500    0.989     0.00313    1.608         0.000
   24       4    2.812260    0.000   -2.000    1.977    -0.00376    1.593
   25       4    2.812260   -2.000    0.000    1.977    -0.00376    1.578
   26       4    2.828427    2.000   -2.000    0.000     0.01784    1.649         0.000
   27       4    2.984762    2.000    1.000    1.977    -0.00421    1.632         0.000
   28       4    2.984762   -2.000    1.000    1.977    -0.00371    1.618         0.000
   29       4    2.984762    1.000   -2.000    1.977    -0.00421    1.601         0.000
   30       4    2.984762    1.000    2.000    1.977    -0.00371    1.586         0.000
   31       4    3.000000    0.000    3.000    0.000    -0.01116    1.541
   32       4    3.048740    0.500    0.500    2.966     0.00682    1.568         0.000
   33       4    3.048740   -0.500   -0.500   -2.966     0.00682    1.596         0.000
   34       4    3.078506   -2.500    1.500    0.989     0.01807    1.668         0.000
   35       4    3.078506    1.500   -2.500    0.989     0.00199    1.676         0.000
   36       4    3.078506    2.500    1.500    0.989     0.00199    1.684         0.000
   37       4    3.078506    1.500    2.500    0.989     0.01807    1.756         0.000
   38       4    3.162278   -1.000    3.000    0.000    -0.00025    1.755
   39       4    3.162278    3.000   -1.000    0.000     0.00389    1.771
   40       4    3.360776    1.500   -0.500   -2.966    -0.00184    1.763         0.000
   41       4    3.360776    1.500   -0.500    2.966    -0.00184    1.756         0.000
   42       4    3.360776   -0.500    1.500   -2.966    -0.00192    1.748         0.000
   43       4    3.360776   -0.500    1.500    2.966    -0.00192    1.741         0.000
   44       4    3.450914   -2.000    2.000    1.977     0.00441    1.758         0.000
   45       4    3.450914   -2.000    2.000   -1.977     0.00441    1.776         0.000
   46       4    3.592883    3.000    0.000    1.977    -0.00286    1.765
   47       4    3.592883    0.000    3.000    1.977    -0.00286    1.753
   48       4    3.605551    3.000   -2.000    0.000     0.00092    1.757         0.000
   49       4    3.605551   -2.000    3.000    0.000     0.00541    1.778         0.000
   50       4    3.646205    1.500    1.500   -2.966     0.00120    1.783         0.000
   51       4    3.646205    1.500   -1.500   -2.966     0.00120    1.788         0.000
   52       4    3.671131   -3.500   -0.500    0.989     0.00230    1.797
   53       4    3.671131   -3.500    0.500    0.989     0.00095    1.801
   54       4    3.671131    0.500    3.500    0.989     0.00095    1.805
   55       4    3.671131    0.500   -3.500    0.989     0.00230    1.814
   56       4    3.671131   -2.500   -2.500    0.989     0.00350    1.828         0.000
   57       4    3.671131    2.500   -2.500    0.989     0.00350    1.842         0.000
   58       4    3.729451   -1.000    3.000    1.977     0.00148    1.848
   59       4    3.729451    3.000   -1.000    1.977    -0.00083    1.845
   60       4    3.729451    3.000    1.000    1.977     0.00148    1.851
   61       4    3.729451    1.000    3.000    1.977    -0.00083    1.847
   62       4    3.910858    2.500   -0.500    2.966     0.00085    1.851         0.000
   63       4    3.910858   -0.500    2.500    2.966     0.00421    1.867         0.000
   64       4    3.910858    2.500    0.500    2.966     0.00421    1.884         0.000
   65       4    3.910858    0.500    2.500    2.966     0.00085    1.888         0.000
   66       4    3.934107    1.500   -3.500   -0.989     0.00002    1.888
   67       4    3.934107   -3.500    1.500   -0.989     0.00130    1.893
   68       4    3.934107   -3.500    1.500    0.989     0.00130    1.898
   69       4    3.934107    1.500   -3.500    0.989     0.00002    1.898
   70       2    3.954140    0.000    0.000    3.954    -0.00050    1.897
   71       4    4.000000    4.000    0.000    0.000    -0.00192    1.890
   72       4    4.078630    0.000    1.000    3.954    -0.00135    1.884
   73       4    4.078630    1.000    0.000    3.954    -0.00135    1.879
   74       4    4.112032    3.000   -2.000    1.977     0.00031    1.880         0.000
   75       4    4.112032   -2.000    3.000    1.977    -0.00061    1.878         0.000
   76       4    4.112032   -2.000    3.000   -1.977    -0.00061    1.875         0.000
   77       4    4.112032    3.000   -2.000   -1.977     0.00031    1.876         0.000
   78       4    4.123106    1.000    4.000    0.000    -0.00370    1.861         0.000
   79       4    4.123106    1.000   -4.000    0.000    -0.00252    1.851         0.000
   80       4    4.158703    1.500   -2.500    2.966    -0.00017    1.851         0.000
   81       4    4.158703    1.500    2.500    2.966    -0.00465    1.832         0.000
   82       4    4.158703    2.500    1.500    2.966    -0.00017    1.831         0.000
   83       4    4.158703   -2.500    1.500    2.966    -0.00465    1.813         0.000
   84       4    4.199431   -1.000   -1.000    3.954     0.00237    1.822
   85       4    4.199431    1.000   -1.000    3.954     0.00237    1.832
   86       4    4.242641   -3.000    3.000    0.000    -0.00208    1.823         0.000
   87       4    4.413298    2.500   -3.500   -0.989     0.00161    1.830         0.000
   88       4    4.413298   -3.500    2.500   -0.989     0.00088    1.833         0.000
   89       4    4.413298   -2.500   -3.500   -0.989     0.00088    1.837         0.000
   90       4    4.413298   -3.500   -2.500   -0.989     0.00161    1.843         0.000
   91       4    4.431165   -2.000    0.000    3.954     0.00283    1.855
   92       4    4.431165    0.000   -2.000    3.954     0.00283    1.866
   93       4    4.461928    4.000    0.000   -1.977    -0.00281    1.855
   94       4    4.461928    0.000    4.000   -1.977    -0.00281    1.844
   95       4    4.472136   -2.000   -4.000    0.000     0.00326    1.857         0.000
   96       4    4.472136    2.000   -4.000    0.000     0.00021    1.857         0.000
   97       4    4.542601    1.000   -2.000    3.954    -0.00118    1.853         0.000
   98       4    4.542601   -2.000    1.000    3.954     0.00096    1.857         0.000
   99       4    4.542601   -2.000   -1.000    3.954    -0.00118    1.852         0.000
  100       4    4.542601    1.000    2.000    3.954     0.00096    1.856         0.000
  101       4    4.572615    1.000   -4.000    1.977     0.00070    1.859         0.000
  102       4    4.572615    1.000    4.000    1.977    -0.00047    1.857         0.000
  103       4    4.572615    4.000    1.000    1.977     0.00070    1.859         0.000
  104       4    4.572615   -4.000    1.000    1.977    -0.00047    1.858         0.000
  105       4    4.614630    2.500   -2.500    2.966     0.00063    1.860         0.000
  106       4    4.614630   -3.500    0.500   -2.966     0.00048    1.862
  107       4    4.614630   -0.500    3.500   -2.966     0.00162    1.869
  108       4    4.614630    3.500    0.500   -2.966     0.00162    1.875
  109       4    4.614630   -2.500   -2.500    2.966     0.00063    1.878         0.000
  110       4    4.614630    0.500    3.500   -2.966     0.00048    1.879
  111       4    4.634350    4.500    0.500    0.989    -0.00151    1.873         0.000
  112       4    4.634350    0.500    4.500    0.989    -0.00230    1.864         0.000
  113       4    4.634350    0.500   -4.500    0.989    -0.00151    1.858         0.000
  114       4    4.634350   -4.500    0.500    0.989    -0.00230    1.849         0.000
  115       4    4.680684   -3.000   -3.000    1.977     0.00179    1.856         0.000
  116       4    4.680684   -3.000    3.000    1.977     0.00179    1.863         0.000
  117       4    4.826470   -3.500    1.500   -2.966    -0.00015    1.863         0.000
  118       4    4.826470    1.500   -3.500   -2.966    -0.00081    1.859         0.000
  119       4    4.826470   -3.500   -1.500   -2.966    -0.00081    1.856         0.000
  120       4    4.826470   -1.500   -3.500   -2.966    -0.00015    1.856         0.000
  121       4    4.845328    4.500    1.500    0.989     0.00257    1.866
  122       4    4.845328    4.500    1.500   -0.989     0.00257    1.876
  123       4    4.845328    1.500    4.500    0.989     0.00104    1.880
  124       4    4.845328    1.500    4.500   -0.989     0.00104    1.884
  125       4    4.861607    2.000   -2.000    3.954    -0.00032    1.883         0.000
  126       4    4.861607   -2.000   -2.000    3.954    -0.00032    1.882         0.000
  127       4    4.889663   -2.000   -4.000    1.977     0.00093    1.886         0.000
  128       4    4.889663   -4.000   -2.000    1.977    -0.00020    1.885         0.000
  129       4    4.889663    2.000   -4.000    1.977    -0.00020    1.884         0.000
  130       4    4.889663   -4.000    2.000    1.977     0.00093    1.888         0.000
  131       4    4.963388   -3.000    0.000    3.954    -0.00023    1.887
  132       4    4.963388    0.000   -3.000    3.954    -0.00023    1.886
  133       4    4.992999    0.500    0.500   -4.943     0.00011    1.886
  134       4    4.992999   -0.500    0.500   -4.943     0.00011    1.887
  135       4    5.000000   -4.000    3.000    0.000     0.00290    1.898         0.000
  136       4    5.000000    3.000   -4.000    0.000     0.00020    1.899         0.000

 pvgfe7: read J(rs), returning J(rs), ib=1, jb=2

 Sum J_ij=-0.016647  J_00= 0.000000  J_0=-0.016647 for ib=1, jb=2

 srvsym:  1636 vectors in 409 stars.  tau = 0.000 -0.500 0.494

   Star   nstar    |R|          -- R(jb)-R(ib) --        J(mRy)   sum J
    1       4    0.703065    0.000    0.500    0.494    -3.69625  -14.785         0.000
    2       4    1.222416   -1.000    0.500    0.494    -0.11933  -15.262         0.000
    3       4    1.222416   -1.000   -0.500    0.494    -0.11932  -15.740         0.000
    4       4    1.564833   -0.500    0.000    1.483     0.03122  -15.615         0.000
    5       4    1.579335    0.000   -1.500    0.494    -0.05062  -15.817         0.000
    6       4    1.857068   -1.000    0.500   -1.483     0.04364  -15.643         0.000
    7       4    1.857068   -1.000   -0.500   -1.483     0.04364  -15.468         0.000
    8       4    1.869305    1.500    1.000   -0.494    -0.03094  -15.592         0.000
    9       4    1.869305   -1.000   -1.500    0.494    -0.03093  -15.716         0.000
   10       4    2.109195   -1.500    0.000    1.483    -0.02421  -15.812         0.000
   11       4    2.119977   -2.000    0.500    0.494     0.00104  -15.808         0.000
   12       4    2.119977   -2.000   -0.500    0.494     0.00104  -15.804         0.000
   13       4    2.334246   -1.500   -1.000    1.483    -0.00996  -15.844         0.000
   14       4    2.334246   -1.500    1.000    1.483    -0.00996  -15.884         0.000
   15       4    2.521410    0.000   -0.500    2.471     0.02296  -15.792         0.000
   16       4    2.539430   -0.500   -2.000    1.483     0.00356  -15.778         0.000
   17       4    2.539430    0.500   -2.000    1.483     0.00356  -15.763         0.000
   18       4    2.548392   -1.500    2.000   -0.494    -0.01841  -15.837         0.000
   19       4    2.548392    2.000   -1.500    0.494    -0.01841  -15.911         0.000
   20       4    2.548392    0.000   -2.500    0.494    -0.02336  -16.004         0.000
   21       4    2.712473   -1.000   -0.500    2.471    -0.01519  -16.065         0.000
   22       4    2.712473    1.000   -0.500    2.471    -0.01519  -16.126         0.000
   23       4    2.737572   -1.000    2.500    0.494    -0.01482  -16.185         0.000
   24       4    2.737572   -1.000   -2.500    0.494    -0.01482  -16.244         0.000
   25       4    2.890936    0.000   -1.500    2.471    -0.00154  -16.250         0.000
   26       4    2.906665    1.500   -2.000    1.483    -0.00308  -16.263         0.000
   27       4    2.906665    2.000   -1.500   -1.483    -0.00308  -16.275         0.000
   28       4    2.906665    0.000    2.500   -1.483    -0.01142  -16.321         0.000
   29       4    3.059005   -1.000   -1.500    2.471     0.00148  -16.315         0.000
   30       4    3.059005   -1.000    1.500    2.471     0.00148  -16.309         0.000
   31       4    3.073874   -2.500    1.000    1.483     0.00315  -16.296         0.000
   32       4    3.073874   -2.500   -1.000    1.483     0.00315  -16.284         0.000
   33       4    3.081282    0.500   -3.000   -0.494     0.00195  -16.276         0.000
   34       4    3.081282   -3.000    0.500    0.494     0.00196  -16.268         0.000
   35       4    3.218308    2.000   -0.500    2.471     0.00395  -16.252         0.000
   36       4    3.218308   -2.000   -0.500    2.471     0.00395  -16.236         0.000
   37       4    3.239491    2.500   -2.000   -0.494    -0.01041  -16.278         0.000
   38       4    3.239491   -2.000    2.500    0.494    -0.01041  -16.320         0.000
   39       4    3.383593   -0.500    3.000    1.483    -0.00259  -16.330         0.000
   40       4    3.383593   -0.500   -3.000    1.483    -0.00259  -16.340         0.000
   41       4    3.390325   -1.500    3.000   -0.494    -0.00182  -16.348         0.000
   42       4    3.390325    3.000   -1.500    0.494    -0.00182  -16.355         0.000
   43       4    3.495814   -0.500    0.000    3.460    -0.00910  -16.391         0.000
   44       4    3.515325    0.000    2.500    2.471    -0.00180  -16.399         0.000
   45       4    3.515325    2.000   -1.500    2.471    -0.00327  -16.412         0.000
   46       4    3.515325    1.500   -2.000   -2.471    -0.00327  -16.425         0.000
   47       4    3.528272    2.500   -2.000    1.483    -0.00905  -16.461         0.000
   48       4    3.528272   -2.000    2.500   -1.483    -0.00905  -16.497         0.000
   49       4    3.534728   -3.500    0.000   -0.494     0.00109  -16.493         0.000
   50       4    3.636030    0.500    1.000    3.460     0.00111  -16.488         0.000
   51       4    3.636030    0.500   -1.000    3.460     0.00111  -16.484         0.000
   52       4    3.654793   -1.000    2.500    2.471    -0.00202  -16.492         0.000
   53       4    3.654793   -1.000   -2.500    2.471    -0.00201  -16.500         0.000
   54       4    3.667247    1.500   -3.000    1.483    -0.00453  -16.518         0.000
   55       4    3.667247    3.000   -1.500   -1.483    -0.00453  -16.536         0.000
   56       4    3.673459    1.000   -3.500    0.494    -0.00172  -16.543         0.000
   57       4    3.673459    1.000    3.500    0.494    -0.00172  -16.550         0.000
   58       4    3.771037    1.500    0.000    3.460     0.00370  -16.535         0.000
   59       4    3.801145   -3.500    0.000    1.483     0.00238  -16.526         0.000
   60       4    3.901374    1.000    1.500   -3.460     0.00109  -16.521         0.000
   61       4    3.901374   -1.000    1.500   -3.460     0.00109  -16.517         0.000
   62       4    3.918866    3.000   -0.500    2.471     0.00060  -16.515         0.000
   63       4    3.918866   -3.000   -0.500    2.471     0.00060  -16.512         0.000
   64       4    3.930484   -1.000    3.500   -1.483    -0.00066  -16.515         0.000
   65       4    3.930484   -3.500    1.000    1.483    -0.00066  -16.517         0.000
   66       4    3.936280   -2.500    3.000   -0.494     0.00507  -16.497         0.000
   67       4    3.936280    3.000   -2.500    0.494     0.00507  -16.477         0.000
   68       4    4.027495    2.000   -0.500   -3.460    -0.00113  -16.481         0.000
   69       4    4.027495   -0.500    2.000    3.460    -0.00113  -16.486         0.000
   70       4    4.044442   -2.000    2.500    2.471     0.00178  -16.479         0.000
   71       4    4.044442    2.500   -2.000   -2.471     0.00178  -16.472         0.000
   72       4    4.061318    0.500   -4.000   -0.494     0.00285  -16.460         0.000
   73       4    4.061318   -4.000    0.500    0.494     0.00285  -16.449         0.000
   74       4    4.061318   -2.000   -3.500    0.494    -0.00471  -16.468         0.000
   75       4    4.061318    3.500    2.000   -0.494    -0.00471  -16.487         0.000
   76       4    4.166234    3.000   -1.500    2.471    -0.00149  -16.493         0.000
   77       4    4.166234   -1.500    3.000   -2.471    -0.00149  -16.498         0.000
   78       4    4.177164   -2.500    3.000    1.483     0.00172  -16.492         0.000
   79       4    4.177164    3.000   -2.500   -1.483     0.00172  -16.485         0.000
   80       4    4.268573    2.000   -1.500   -3.460    -0.00033  -16.486         0.000
   81       4    4.268573    2.000    1.500   -3.460    -0.00033  -16.487         0.000
   82       4    4.268573   -2.500    0.000    3.460    -0.00432  -16.505         0.000
   83       4    4.284566    0.000   -3.500    2.471     0.00148  -16.499         0.000
   84       4    4.295195    0.500   -4.000    1.483     0.00000  -16.499         0.000
   85       4    4.295195   -4.000    0.500   -1.483     0.00000  -16.499         0.000
   86       4    4.295195   -3.500    2.000    1.483    -0.00095  -16.503         0.000
   87       4    4.295195    3.500    2.000    1.483    -0.00095  -16.506         0.000
   88       4    4.300500    1.500   -4.000   -0.494     0.00301  -16.494         0.000
   89       4    4.300500   -1.500   -4.000   -0.494     0.00301  -16.482         0.000
   90       4    4.384144   -2.500    1.000    3.460     0.00069  -16.480         0.000
   91       4    4.384144   -1.000    2.500   -3.460     0.00069  -16.477         0.000
   92       4    4.399717   -1.000    3.500    2.471    -0.00022  -16.478         0.000
   93       4    4.399717   -1.000   -3.500    2.471    -0.00023  -16.479         0.000
   94       4    4.476419    0.000    0.500    4.448     0.00353  -16.464         0.000
   95       4    4.522024   -4.000    1.500   -1.483    -0.00254  -16.475         0.000
   96       4    4.522024    1.500   -4.000    1.483    -0.00254  -16.485         0.000
   97       4    4.527063    4.500    0.000   -0.494     0.00108  -16.480         0.000
   98       4    4.586756    1.000   -0.500    4.448     0.00067  -16.478         0.000
   99       4    4.586756    1.000    0.500    4.448     0.00067  -16.475         0.000
  100       4    4.606595    0.500    3.000    3.460    -0.00101  -16.479         0.000
  101       4    4.606595   -3.000   -0.500   -3.460    -0.00101  -16.483         0.000
  102       4    4.621419    3.000   -2.500    2.471    -0.00117  -16.488         0.000
  103       4    4.621419   -3.000   -2.500    2.471    -0.00118  -16.492         0.000
  104       4    4.636195   -3.500    3.000   -0.494     0.00264  -16.482         0.000
  105       4    4.636195   -4.500    1.000   -0.494     0.00219  -16.473         0.000
  106       4    4.636195    4.500    1.000   -0.494     0.00219  -16.464         0.000
  107       4    4.636195   -3.500   -3.000   -0.494     0.00263  -16.454         0.000
  108       4    4.694500   -1.500    0.000   -4.448    -0.00175  -16.461         0.000
  109       4    4.713886   -2.000    2.500   -3.460     0.00050  -16.459         0.000
  110       4    4.713886   -2.500    2.000    3.460     0.00050  -16.457         0.000
  111       4    4.728373    4.000   -0.500    2.471     0.00137  -16.451         0.000
  112       4    4.728373   -2.000   -3.500    2.471     0.00201  -16.443         0.000
  113       4    4.728373   -2.000    3.500    2.471     0.00201  -16.435         0.000
  114       4    4.728373    0.500   -4.000   -2.471     0.00137  -16.430         0.000
  115       4    4.738006    0.000   -4.500   -1.483    -0.00087  -16.433         0.000
  116       4    4.742816    4.000    2.500    0.494    -0.00094  -16.437         0.000
  117       4    4.742816    2.500    4.000   -0.494    -0.00094  -16.441         0.000
  118       4    4.799826    1.500    1.000   -4.448    -0.00131  -16.446         0.000
  119       4    4.799826    1.000    1.500    4.448    -0.00131  -16.451         0.000
  120       4    4.818788   -3.000    1.500   -3.460    -0.00026  -16.452         0.000
  121       4    4.818788    3.000    1.500   -3.460    -0.00026  -16.453         0.000
  122       4    4.842386    3.500    3.000    1.483    -0.00160  -16.460         0.000
  123       4    4.842386   -4.500    1.000    1.483    -0.00169  -16.467         0.000
  124       4    4.842386    1.000   -4.500   -1.483    -0.00169  -16.473         0.000
  125       4    4.842386   -3.500    3.000    1.483    -0.00160  -16.480         0.000
  126       4    4.902890    0.500    2.000   -4.448    -0.00015  -16.480         0.000
  127       4    4.902890    2.000    0.500    4.448    -0.00015  -16.481         0.000
  128       4    4.921455    0.000   -3.500   -3.460     0.00033  -16.480         0.000
  129       4    4.935333   -4.000   -1.500    2.471     0.00079  -16.476         0.000
  130       4    4.935333    4.000   -1.500    2.471     0.00079  -16.473         0.000
  131       4    4.944563    4.000   -2.500   -1.483    -0.00049  -16.475         0.000
  132       4    4.944563    2.500   -4.000    1.483    -0.00049  -16.477         0.000
  133       4    4.949172    4.500   -2.000   -0.494     0.00095  -16.473         0.000
  134       4    4.949172    2.000   -4.500    0.494     0.00095  -16.470         0.000

 pvgfe7: read J(rs), returning J(rs), ib=2, jb=1

 Sum J_ij=-0.016647  J_00= 0.000000  J_0=-0.016647 for ib=2, jb=1

 srvsym:  1636 vectors in 409 stars.  tau = 0.000 0.500 -0.494

   Star   nstar    |R|          -- R(jb)-R(ib) --        J(mRy)   sum J
    1       4    0.703065    0.500    0.000    0.494    -3.69625  -14.785         0.000
    2       4    1.222416    0.500   -1.000    0.494    -0.11932  -15.262         0.000
    3       4    1.222416   -0.500   -1.000    0.494    -0.11933  -15.740         0.000
    4       4    1.564833   -0.500    0.000   -1.483     0.03122  -15.615         0.000
    5       4    1.579335    0.000   -1.500   -0.494    -0.05062  -15.817         0.000
    6       4    1.857068   -0.500    1.000   -1.483     0.04364  -15.643         0.000
    7       4    1.857068    0.500    1.000   -1.483     0.04364  -15.468         0.000
    8       4    1.869305    1.500   -1.000    0.494    -0.03093  -15.592         0.000
    9       4    1.869305    1.500    1.000    0.494    -0.03094  -15.716         0.000
   10       4    2.109195    0.000    1.500    1.483    -0.02421  -15.812         0.000
   11       4    2.119977    2.000   -0.500   -0.494     0.00104  -15.808         0.000
   12       4    2.119977   -2.000   -0.500   -0.494     0.00104  -15.804         0.000
   13       4    2.334246   -1.500    1.000   -1.483    -0.00996  -15.844         0.000
   14       4    2.334246    1.500    1.000   -1.483    -0.00996  -15.884         0.000
   15       4    2.521410    0.500    0.000    2.471     0.02296  -15.792         0.000
   16       4    2.539430   -2.000    0.500    1.483     0.00356  -15.778         0.000
   17       4    2.539430    2.000    0.500    1.483     0.00356  -15.763         0.000
   18       4    2.548392   -2.000   -1.500   -0.494    -0.01841  -15.837         0.000
   19       4    2.548392   -2.500    0.000    0.494    -0.02336  -15.930         0.000
   20       4    2.548392    2.000   -1.500   -0.494    -0.01841  -16.004         0.000
   21       4    2.712473   -0.500    1.000    2.471    -0.01519  -16.065         0.000
   22       4    2.712473   -1.000    0.500   -2.471    -0.01519  -16.126         0.000
   23       4    2.737572   -1.000    2.500   -0.494    -0.01482  -16.185         0.000
   24       4    2.737572    2.500   -1.000    0.494    -0.01482  -16.244         0.000
   25       4    2.890936    1.500    0.000    2.471    -0.00154  -16.250         0.000
   26       4    2.906665    0.000    2.500    1.483    -0.01142  -16.296         0.000
   27       4    2.906665   -2.000    1.500    1.483    -0.00308  -16.308         0.000
   28       4    2.906665   -1.500    2.000   -1.483    -0.00308  -16.321         0.000
   29       4    3.059005    1.500    1.000    2.471     0.00148  -16.315         0.000
   30       4    3.059005   -1.500    1.000    2.471     0.00148  -16.309         0.000
   31       4    3.073874    2.500   -1.000   -1.483     0.00315  -16.296         0.000
   32       4    3.073874   -1.000    2.500    1.483     0.00315  -16.284         0.000
   33       4    3.081282    3.000   -0.500   -0.494     0.00196  -16.276         0.000
   34       4    3.081282   -0.500    3.000    0.494     0.00195  -16.268         0.000
   35       4    3.218308    0.500   -2.000    2.471     0.00395  -16.252         0.000
   36       4    3.218308    0.500    2.000    2.471     0.00395  -16.236         0.000
   37       4    3.239491   -2.000   -2.500   -0.494    -0.01041  -16.278         0.000
   38       4    3.239491   -2.000    2.500   -0.494    -0.01041  -16.320         0.000
   39       4    3.383593   -0.500   -3.000   -1.483    -0.00259  -16.330         0.000
   40       4    3.383593    3.000    0.500    1.483    -0.00259  -16.340         0.000
   41       4    3.390325   -3.000    1.500   -0.494    -0.00182  -16.348         0.000
   42       4    3.390325   -1.500    3.000    0.494    -0.00182  -16.355         0.000
   43       4    3.495814    0.500    0.000   -3.460    -0.00910  -16.391         0.000
   44       4    3.515325    2.500    0.000    2.471    -0.00180  -16.399         0.000
   45       4    3.515325    1.500   -2.000    2.471    -0.00327  -16.412         0.000
   46       4    3.515325   -1.500   -2.000    2.471    -0.00327  -16.425         0.000
   47       4    3.528272   -2.500    2.000   -1.483    -0.00905  -16.461         0.000
   48       4    3.528272    2.000   -2.500    1.483    -0.00905  -16.497         0.000
   49       4    3.534728   -3.500    0.000    0.494     0.00109  -16.493         0.000
   50       4    3.636030    0.500    1.000   -3.460     0.00111  -16.488         0.000
   51       4    3.636030    0.500   -1.000   -3.460     0.00111  -16.484         0.000
   52       4    3.654793    2.500    1.000    2.471    -0.00202  -16.492         0.000
   53       4    3.654793    2.500   -1.000    2.471    -0.00201  -16.500         0.000
   54       4    3.667247   -1.500    3.000   -1.483    -0.00453  -16.518         0.000
   55       4    3.667247    3.000   -1.500    1.483    -0.00453  -16.536         0.000
   56       4    3.673459    1.000   -3.500   -0.494    -0.00172  -16.543         0.000
   57       4    3.673459   -1.000   -3.500   -0.494    -0.00172  -16.550         0.000
   58       4    3.771037    1.500    0.000   -3.460     0.00370  -16.535         0.000
   59       4    3.801145   -3.500    0.000   -1.483     0.00238  -16.526         0.000
   60       4    3.901374    1.500    1.000   -3.460     0.00109  -16.521         0.000
   61       4    3.901374   -1.000   -1.500    3.460     0.00109  -16.517         0.000
   62       4    3.918866    0.500    3.000    2.471     0.00060  -16.515         0.000
   63       4    3.918866   -0.500    3.000    2.471     0.00060  -16.512         0.000
   64       4    3.930484    3.500   -1.000   -1.483    -0.00066  -16.515         0.000
   65       4    3.930484   -3.500   -1.000   -1.483    -0.00066  -16.517         0.000
   66       4    3.936280    2.500   -3.000    0.494     0.00507  -16.497         0.000
   67       4    3.936280    2.500    3.000    0.494     0.00507  -16.477         0.000
   68       4    4.027495   -0.500    2.000   -3.460    -0.00113  -16.481         0.000
   69       4    4.027495   -0.500   -2.000   -3.460    -0.00113  -16.486         0.000
   70       4    4.044442   -2.500   -2.000    2.471     0.00178  -16.479         0.000
   71       4    4.044442    2.500   -2.000    2.471     0.00178  -16.472         0.000
   72       4    4.061318   -4.000   -0.500   -0.494     0.00285  -16.460         0.000
   73       4    4.061318   -3.500   -2.000    0.494    -0.00471  -16.479         0.000
   74       4    4.061318   -3.500    2.000    0.494    -0.00471  -16.498         0.000
   75       4    4.061318   -4.000    0.500   -0.494     0.00285  -16.487         0.000
   76       4    4.166234   -1.500   -3.000    2.471    -0.00149  -16.493         0.000
   77       4    4.166234   -1.500    3.000    2.471    -0.00149  -16.498         0.000
   78       4    4.177164   -2.500   -3.000   -1.483     0.00172  -16.492         0.000
   79       4    4.177164   -3.000   -2.500    1.483     0.00172  -16.485         0.000
   80       4    4.268573    1.500    2.000   -3.460    -0.00033  -16.486         0.000
   81       4    4.268573    1.500   -2.000   -3.460    -0.00033  -16.487         0.000
   82       4    4.268573    2.500    0.000   -3.460    -0.00432  -16.505         0.000
   83       4    4.284566    3.500    0.000    2.471     0.00148  -16.499         0.000
   84       4    4.295195   -3.500   -2.000   -1.483    -0.00095  -16.503         0.000
   85       4    4.295195    0.500   -4.000   -1.483     0.00000  -16.503         0.000
   86       4    4.295195   -3.500    2.000   -1.483    -0.00095  -16.506         0.000
   87       4    4.295195    4.000   -0.500    1.483     0.00000  -16.506         0.000
   88       4    4.300500   -4.000    1.500   -0.494     0.00301  -16.494         0.000
   89       4    4.300500    4.000    1.500   -0.494     0.00301  -16.482         0.000
   90       4    4.384144    2.500   -1.000   -3.460     0.00069  -16.480         0.000
   91       4    4.384144    2.500    1.000   -3.460     0.00069  -16.477         0.000
   92       4    4.399717    3.500   -1.000    2.471    -0.00023  -16.478         0.000
   93       4    4.399717    3.500    1.000    2.471    -0.00022  -16.479         0.000
   94       4    4.476419    0.000    0.500   -4.448     0.00353  -16.464         0.000
   95       4    4.522024   -1.500    4.000   -1.483    -0.00254  -16.475         0.000
   96       4    4.522024    1.500    4.000   -1.483    -0.00254  -16.485         0.000
   97       4    4.527063    0.000   -4.500   -0.494     0.00108  -16.480         0.000
   98       4    4.586756    0.500    1.000    4.448     0.00067  -16.478         0.000
   99       4    4.586756   -1.000   -0.500   -4.448     0.00067  -16.475         0.000
  100       4    4.606595    0.500    3.000   -3.460    -0.00100  -16.479         0.000
  101       4    4.606595    0.500   -3.000   -3.460    -0.00101  -16.483         0.000
  102       4    4.621419   -2.500   -3.000    2.471    -0.00117  -16.488         0.000
  103       4    4.621419   -2.500    3.000    2.471    -0.00118  -16.492         0.000
  104       4    4.636195   -3.000    3.500   -0.494     0.00263  -16.482         0.000
  105       4    4.636195    1.000   -4.500   -0.494     0.00219  -16.473         0.000
  106       4    4.636195   -3.500    3.000    0.494     0.00264  -16.463         0.000
  107       4    4.636195   -1.000   -4.500   -0.494     0.00219  -16.454         0.000
  108       4    4.694500    1.500    0.000    4.448    -0.00175  -16.461         0.000
  109       4    4.713886   -2.000   -2.500    3.460     0.00050  -16.459         0.000
  110       4    4.713886    2.500    2.000   -3.460     0.00050  -16.457         0.000
  111       4    4.728373   -0.500   -4.000    2.471     0.00137  -16.451         0.000
  112       4    4.728373   -3.500   -2.000    2.471     0.00201  -16.443         0.000
  113       4    4.728373   -2.000   -3.500   -2.471     0.00201  -16.435         0.000
  114       4    4.728373   -0.500    4.000    2.471     0.00137  -16.430         0.000
  115       4    4.738006   -4.500    0.000   -1.483    -0.00087  -16.433         0.000
  116       4    4.742816   -4.000    2.500   -0.494    -0.00094  -16.437         0.000
  117       4    4.742816   -4.000   -2.500   -0.494    -0.00094  -16.441         0.000
  118       4    4.799826    1.500    1.000    4.448    -0.00131  -16.446         0.000
  119       4    4.799826    1.000    1.500   -4.448    -0.00131  -16.451         0.000
  120       4    4.818788    3.000   -1.500    3.460    -0.00026  -16.452         0.000
  121       4    4.818788   -1.500    3.000   -3.460    -0.00026  -16.453         0.000
  122       4    4.842386   -3.500   -3.000   -1.483    -0.00160  -16.460         0.000
  123       4    4.842386   -3.500    3.000   -1.483    -0.00160  -16.466         0.000
  124       4    4.842386   -4.500   -1.000   -1.483    -0.00169  -16.473         0.000
  125       4    4.842386   -4.500    1.000   -1.483    -0.00169  -16.480         0.000
  126       4    4.902890   -0.500    2.000    4.448    -0.00015  -16.480         0.000
  127       4    4.902890    0.500    2.000    4.448    -0.00015  -16.481         0.000
  128       4    4.921455   -3.500    0.000   -3.460     0.00033  -16.480         0.000
  129       4    4.935333   -4.000   -1.500   -2.471     0.00079  -16.476         0.000
  130       4    4.935333   -4.000    1.500   -2.471     0.00079  -16.473         0.000
  131       4    4.944563   -2.500   -4.000   -1.483    -0.00049  -16.475         0.000
  132       4    4.944563   -4.000   -2.500    1.483    -0.00049  -16.477         0.000
  133       4    4.949172    2.000    4.500   -0.494     0.00095  -16.473         0.000
  134       4    4.949172   -2.000    4.500   -0.494     0.00095  -16.470         0.000

 pvgfe7: read J(rs), returning J(rs), ib=2, jb=2

 Sum J_ij=-0.264360  J_00=-0.266270  J_0= 0.001909 for ib=2, jb=2

 srvsym:  1727 vectors in 434 stars.  tau = 0.000 0.000 0.000

   Star   nstar    |R|          -- R(jb)-R(ib) --        J(mRy)   sum J
    1       1    0.000000    0.000    0.000    0.000  -266.26961    0.000
    2       4    1.000000   -1.000    0.000    0.000     0.16232    0.649
    3       4    1.215402   -0.500   -0.500    0.989     0.15879    1.284         0.000
    4       4    1.215402    0.500    0.500   -0.989     0.15879    1.920         0.000
    5       4    1.414214    1.000    1.000    0.000    -0.13035    1.398         0.000
    6       4    1.864726   -0.500   -1.500    0.989    -0.02866    1.284         0.000
    7       4    1.864726   -1.500   -0.500    0.989     0.00166    1.290         0.000
    8       4    1.864726   -0.500    1.500    0.989     0.00166    1.297         0.000
    9       4    1.864726   -1.500    0.500    0.989    -0.02866    1.182         0.000
   10       2    1.977070    0.000    0.000    1.977    -0.01118    1.160
   11       4    2.000000    0.000    2.000    0.000     0.02203    1.248
   12       4    2.215582   -1.000    0.000    1.977    -0.00624    1.223
   13       4    2.215582    0.000   -1.000    1.977    -0.00624    1.198
   14       4    2.236068    2.000   -1.000    0.000     0.01490    1.258         0.000
   15       4    2.236068   -1.000    2.000    0.000     0.03360    1.392         0.000
   16       4    2.340342    1.500    1.500   -0.989     0.00750    1.422         0.000
   17       4    2.340342   -1.500    1.500   -0.989     0.00750    1.452         0.000
   18       4    2.430804   -1.000   -1.000    1.977     0.00692    1.480         0.000
   19       4    2.430804    1.000    1.000   -1.977     0.00692    1.507         0.000
   20       4    2.734447   -0.500    2.500    0.989     0.00942    1.545         0.000
   21       4    2.734447    2.500   -0.500    0.989     0.00314    1.558         0.000
   22       4    2.734447   -0.500   -2.500    0.989     0.00314    1.570         0.000
   23       4    2.734447   -2.500   -0.500    0.989     0.00942    1.608         0.000
   24       4    2.812260    0.000   -2.000    1.977    -0.00376    1.593
   25       4    2.812260   -2.000    0.000    1.977    -0.00376    1.578
   26       4    2.828427    2.000   -2.000    0.000     0.01786    1.649         0.000
   27       4    2.984762    2.000    1.000    1.977    -0.00371    1.634         0.000
   28       4    2.984762   -2.000    1.000    1.977    -0.00421    1.618         0.000
   29       4    2.984762    1.000   -2.000    1.977    -0.00371    1.603         0.000
   30       4    2.984762    1.000    2.000    1.977    -0.00421    1.586         0.000
   31       4    3.000000    0.000    3.000    0.000    -0.01117    1.541
   32       4    3.048740    0.500    0.500    2.966     0.00682    1.568         0.000
   33       4    3.048740   -0.500   -0.500   -2.966     0.00682    1.596         0.000
   34       4    3.078506   -2.500    1.500    0.989     0.00199    1.604         0.000
   35       4    3.078506    1.500   -2.500    0.989     0.01808    1.676         0.000
   36       4    3.078506    2.500    1.500    0.989     0.01808    1.748         0.000
   37       4    3.078506    1.500    2.500    0.989     0.00199    1.756         0.000
   38       4    3.162278   -1.000    3.000    0.000     0.00388    1.772
   39       4    3.162278    3.000   -1.000    0.000    -0.00026    1.771
   40       4    3.360776    1.500   -0.500   -2.966    -0.00192    1.763         0.000
   41       4    3.360776    1.500   -0.500    2.966    -0.00192    1.755         0.000
   42       4    3.360776   -0.500    1.500   -2.966    -0.00184    1.748         0.000
   43       4    3.360776   -0.500    1.500    2.966    -0.00184    1.741         0.000
   44       4    3.450914   -2.000    2.000    1.977     0.00441    1.758         0.000
   45       4    3.450914   -2.000    2.000   -1.977     0.00441    1.776         0.000
   46       4    3.592883    3.000    0.000    1.977    -0.00286    1.765
   47       4    3.592883    0.000    3.000    1.977    -0.00286    1.753
   48       4    3.605551    3.000   -2.000    0.000     0.00541    1.775         0.000
   49       4    3.605551   -2.000    3.000    0.000     0.00092    1.778         0.000
   50       4    3.646205    1.500    1.500   -2.966     0.00120    1.783         0.000
   51       4    3.646205    1.500   -1.500   -2.966     0.00120    1.788         0.000
   52       4    3.671131   -3.500   -0.500    0.989     0.00096    1.792
   53       4    3.671131   -3.500    0.500    0.989     0.00230    1.801
   54       4    3.671131    0.500    3.500    0.989     0.00230    1.810
   55       4    3.671131    0.500   -3.500    0.989     0.00096    1.814
   56       4    3.671131   -2.500   -2.500    0.989     0.00350    1.828         0.000
   57       4    3.671131    2.500   -2.500    0.989     0.00350    1.842         0.000
   58       4    3.729451   -1.000    3.000    1.977    -0.00083    1.839
   59       4    3.729451    3.000   -1.000    1.977     0.00147    1.845
   60       4    3.729451    3.000    1.000    1.977    -0.00083    1.841
   61       4    3.729451    1.000    3.000    1.977     0.00147    1.847
   62       4    3.910858    2.500   -0.500    2.966     0.00421    1.864         0.000
   63       4    3.910858   -0.500    2.500    2.966     0.00085    1.867         0.000
   64       4    3.910858    2.500    0.500    2.966     0.00085    1.871         0.000
   65       4    3.910858    0.500    2.500    2.966     0.00421    1.888         0.000
   66       4    3.934107    1.500   -3.500   -0.989     0.00130    1.893
   67       4    3.934107   -3.500    1.500   -0.989     0.00002    1.893
   68       4    3.934107   -3.500    1.500    0.989     0.00002    1.893
   69       4    3.934107    1.500   -3.500    0.989     0.00130    1.898
   70       2    3.954140    0.000    0.000    3.954    -0.00050    1.897
   71       4    4.000000    4.000    0.000    0.000    -0.00193    1.890
   72       4    4.078630    0.000    1.000    3.954    -0.00135    1.884
   73       4    4.078630    1.000    0.000    3.954    -0.00135    1.879
   74       4    4.112032    3.000   -2.000    1.977    -0.00061    1.876         0.000
   75       4    4.112032   -2.000    3.000    1.977     0.00031    1.878         0.000
   76       4    4.112032   -2.000    3.000   -1.977     0.00031    1.879         0.000
   77       4    4.112032    3.000   -2.000   -1.977    -0.00061    1.876         0.000
   78       4    4.123106    1.000    4.000    0.000    -0.00252    1.866         0.000
   79       4    4.123106    1.000   -4.000    0.000    -0.00371    1.851         0.000
   80       4    4.158703    1.500   -2.500    2.966    -0.00465    1.833         0.000
   81       4    4.158703    1.500    2.500    2.966    -0.00017    1.832         0.000
   82       4    4.158703    2.500    1.500    2.966    -0.00465    1.813         0.000
   83       4    4.158703   -2.500    1.500    2.966    -0.00017    1.813         0.000
   84       4    4.199431   -1.000   -1.000    3.954     0.00237    1.822
   85       4    4.199431    1.000   -1.000    3.954     0.00237    1.832
   86       4    4.242641   -3.000    3.000    0.000    -0.00206    1.823         0.000
   87       4    4.413298    2.500   -3.500   -0.989     0.00088    1.827         0.000
   88       4    4.413298   -3.500    2.500   -0.989     0.00161    1.833         0.000
   89       4    4.413298   -2.500   -3.500   -0.989     0.00161    1.840         0.000
   90       4    4.413298   -3.500   -2.500   -0.989     0.00088    1.843         0.000
   91       4    4.431165   -2.000    0.000    3.954     0.00284    1.855
   92       4    4.431165    0.000   -2.000    3.954     0.00284    1.866
   93       4    4.461928    4.000    0.000   -1.977    -0.00281    1.855
   94       4    4.461928    0.000    4.000   -1.977    -0.00281    1.844
   95       4    4.472136   -2.000   -4.000    0.000     0.00021    1.844         0.000
   96       4    4.472136    2.000   -4.000    0.000     0.00325    1.857         0.000
   97       4    4.542601    1.000   -2.000    3.954     0.00096    1.861         0.000
   98       4    4.542601   -2.000    1.000    3.954    -0.00118    1.857         0.000
   99       4    4.542601   -2.000   -1.000    3.954     0.00096    1.860         0.000
  100       4    4.542601    1.000    2.000    3.954    -0.00118    1.856         0.000
  101       4    4.572615    1.000   -4.000    1.977    -0.00047    1.854         0.000
  102       4    4.572615    1.000    4.000    1.977     0.00070    1.857         0.000
  103       4    4.572615    4.000    1.000    1.977    -0.00047    1.855         0.000
  104       4    4.572615   -4.000    1.000    1.977     0.00070    1.857         0.000
  105       4    4.614630    2.500   -2.500    2.966     0.00063    1.860         0.000
  106       4    4.614630   -3.500    0.500   -2.966     0.00162    1.866
  107       4    4.614630   -0.500    3.500   -2.966     0.00048    1.868
  108       4    4.614630    3.500    0.500   -2.966     0.00048    1.870
  109       4    4.614630   -2.500   -2.500    2.966     0.00063    1.873         0.000
  110       4    4.614630    0.500    3.500   -2.966     0.00162    1.879
  111       4    4.634350    4.500    0.500    0.989    -0.00229    1.870         0.000
  112       4    4.634350    0.500    4.500    0.989    -0.00150    1.864         0.000
  113       4    4.634350    0.500   -4.500    0.989    -0.00229    1.855         0.000
  114       4    4.634350   -4.500    0.500    0.989    -0.00150    1.849         0.000
  115       4    4.680684   -3.000   -3.000    1.977     0.00179    1.856         0.000
  116       4    4.680684   -3.000    3.000    1.977     0.00179    1.863         0.000
  117       4    4.826470   -3.500    1.500   -2.966    -0.00081    1.860         0.000
  118       4    4.826470    1.500   -3.500   -2.966    -0.00014    1.859         0.000
  119       4    4.826470   -3.500   -1.500   -2.966    -0.00014    1.859         0.000
  120       4    4.826470   -1.500   -3.500   -2.966    -0.00081    1.856         0.000
  121       4    4.845328    4.500    1.500    0.989     0.00104    1.860
  122       4    4.845328    4.500    1.500   -0.989     0.00104    1.864
  123       4    4.845328    1.500    4.500    0.989     0.00257    1.874
  124       4    4.845328    1.500    4.500   -0.989     0.00257    1.884
  125       4    4.861607    2.000   -2.000    3.954    -0.00033    1.883         0.000
  126       4    4.861607   -2.000   -2.000    3.954    -0.00033    1.882         0.000
  127       4    4.889663   -2.000   -4.000    1.977    -0.00021    1.881         0.000
  128       4    4.889663   -4.000   -2.000    1.977     0.00093    1.885         0.000
  129       4    4.889663    2.000   -4.000    1.977     0.00093    1.888         0.000
  130       4    4.889663   -4.000    2.000    1.977    -0.00021    1.888         0.000
  131       4    4.963388   -3.000    0.000    3.954    -0.00023    1.887
  132       4    4.963388    0.000   -3.000    3.954    -0.00023    1.886
  133       4    4.992999    0.500    0.500   -4.943     0.00011    1.886
  134       4    4.992999   -0.500    0.500   -4.943     0.00011    1.887
  135       4    5.000000   -4.000    3.000    0.000     0.00020    1.888         0.000
  136       4    5.000000    3.000   -4.000    0.000     0.00290    1.899         0.000

 Sum J_ij for all pairs connected to listed sites (mRy)
 site       Sum J_ij       J_00    J_0(r<rcut)      J_0    2/3 J_0 (K)
   1        -281.007    -266.270     -14.580     -14.737   -1550.6
   2        -281.007    -266.270     -14.580     -14.737   -1550.6
 -------
 avg        -281.007    -266.270     -14.580     -14.737   -1550.6 (-1534.1 r<rcut)

 ... Mean-field estimate:  Tc = 168.244 meV =  1952.5 K
 Site  ez        Site  ez
   1  -0.7071 |    2   0.7071 |

 pvgfeo:  Symmetrize J(q) ... max deviation = 0

 ... generalized Tyablikov estimate for Tc, 2 site(s)
 mixing: mode=B  nmix=2  beta=.3  kill=7  betv=0
 ... RPA Tc converged in 1 iter:  Tc = 58.473 meV =  678.6 K
 Site  ez        Site  ez
   1  -0.7071 |    2   0.7071 |

 pvgfe8:  Make w(q) from J(q)
 pvgfe8:  ferromagnetic case ...

 ... Stiffness from lim(lambda->0) FT 1/6 T**2 omega(T) exp(-lambda T)
    lambda    om(lambda,0)  om(lambda,0)  ln(om)
              Ry-alat**2    meV-A**2     (file sstiff)
  10.304219    0.000005      0.018       -4.0290
   9.273797    0.000014      0.052       -2.9476
   8.243375    0.000041      0.156       -1.8578
   7.212953    0.000123      0.468       -0.7592
   6.182532    0.000372      1.416        0.3479
   5.152110    0.001134      4.316        1.4624
   4.121688    0.003472     13.213        2.5812
   3.091266    0.010614     40.397        3.6987
   2.060844    0.032242    122.707        4.8098
   1.030422    0.101698    387.048        5.9585
   0.000000    0.644945   2454.554        7.8057

 ... generating J on a doubled mesh

 CHGMSH: remake f (15 * 15 * 15)  to f (30 * 30 * 30),  opt=13

 ... Make w(q) along lines in syml file (mRy)
 ... no syml file ... skipping SW spectra
 Exit 0 LMGF
 CPU time:  0.159s   Wall clock 0.170s  at  10:23:59 29.07.2025  on
