 ----------------- LMGF - ref: bebeec33 ------------------

 LMGF:     nbas = 8  nspec = 4  verb 35
 special:  forces,  display J
 pot:      spin-pol
 libxc:    GGA X (Perdew, Burke & Ernzerhof SOL) + GGA C (Perdew, Burke & Ernzerhof SOL)
 asa:      no-ccor, two-c-H
 bz:       metal(5), tetra 

                Plat                                  Qlat
  -0.500000   0.500000   0.988535       -1.000000   0.000000   0.505799
   0.500000  -0.500000   0.988535        0.000000  -1.000000   0.505799
   0.500000   0.500000   0.988535        1.000000   1.000000   0.000000
   alat = 10.304219  Cell vol = 1081.526890

 LATTC:  as= 2.000   tol=1.00e-16   alat=10.30422   awald= 0.195   lmax=6
         r1=  3.699   nkd= 223      q1=  4.525   nkg= 405

 SGROUP: 1 symmetry operations from 0 generators
 SYMLAT: Bravais system is tetragonal with 16 symmetry operations.
 SYMCRY: crystal invariant under 4 symmetry operations for tol=1e-5
 GROUPG: the following are sufficient to generate the space group:
         i*r4z
 MKSYM:  found 4 space group operations; adding inversion generated 8 ops

 SPLCLS:  4 species split into 5 classes
 Species  Class      Sites...
 Ge       3:Ge       3
          5:Ge2      4
 BZMESH: 456 irreducible QP from 3375 ( 15 15 15 )  shift= F F F
 TETIRR: sorting 20250 tetrahedra ... 8415 inequivalent ones found

 EXASA: print properties calculated from J

 Makidx:  hamiltonian dimensions Low, Int, High, Negl: 128 0 0 0
 SUHAM : 2nd generation ASA; potential functions P3
  
 ZMESH: nz=10 (real axis: Im(z)=0)  e1,e2=0,0  wz=0
 Class   dq     amom      Class   dq     amom      Class   dq     amom
   1   0.0000  3.1020  |    3   0.0000  0.0000  |    5   0.0000  0.0000
   2   0.0000 -3.1020  |    4   0.0000  0.0000  |

 ... Display properties of Jij (GF mode 11):  rcut = -5*alat
 baslst:  1 2
 ... writing real-space Jij
 exasa: located (1,1) pair in file jr

 pvgfe7: read J(rs), returning J(rs), ib=1, jb=1

 Sum J_ij=-0.572355  J_00=-0.571592  J_0=-0.000763 for ib=1, jb=1

 srvsym:  1727 vectors in 434 stars.  tau = 0.000 0.000 0.000

   Star   nstar    |R|          -- R(jb)-R(ib) --        J(mRy)   sum J
    1       1    0.000000    0.000    0.000    0.000  -571.59210    0.000
    2       4    1.000000   -1.000    0.000    0.000    -0.02871   -0.115
    3       4    1.215402   -0.500   -0.500    0.989    -0.02490   -0.214
    4       4    1.215402    0.500    0.500   -0.989    -0.02490   -0.314
    5       4    1.414214    1.000    1.000    0.000    -0.10955   -0.752
    6       4    1.864726   -0.500   -1.500    0.989    -0.00068   -0.755
    7       4    1.864726   -1.500   -0.500    0.989     0.01065   -0.712
    8       4    1.864726   -0.500    1.500    0.989     0.01065   -0.670
    9       4    1.864726   -1.500    0.500    0.989    -0.00068   -0.672
   10       2    1.977070    0.000    0.000    1.977    -0.00408   -0.681
   11       4    2.000000    0.000    2.000    0.000    -0.00698   -0.709
   12       4    2.215582   -1.000    0.000    1.977    -0.01073   -0.751
   13       4    2.215582    0.000   -1.000    1.977    -0.01073   -0.794
   14       4    2.236068    2.000   -1.000    0.000    -0.01438   -0.852
   15       4    2.236068   -1.000    2.000    0.000    -0.00902   -0.888
   16       4    2.340342    1.500    1.500   -0.989    -0.00775   -0.919
   17       4    2.340342   -1.500    1.500   -0.989    -0.00775   -0.950
   18       4    2.430804   -1.000   -1.000    1.977     0.01103   -0.906
   19       4    2.430804    1.000    1.000   -1.977     0.01103   -0.862
   20       4    2.734447   -0.500    2.500    0.989    -0.00103   -0.866
   21       4    2.734447    2.500   -0.500    0.989     0.00629   -0.841
   22       4    2.734447   -0.500   -2.500    0.989     0.00629   -0.816
   23       4    2.734447   -2.500   -0.500    0.989    -0.00103   -0.820
   24       4    2.812260    0.000   -2.000    1.977     0.00147   -0.814
   25       4    2.812260   -2.000    0.000    1.977     0.00147   -0.808
   26       4    2.828427    2.000   -2.000    0.000     0.00482   -0.789
   27       4    2.984762    2.000    1.000    1.977     0.00097   -0.785
   28       4    2.984762   -2.000    1.000    1.977    -0.00198   -0.793
   29       4    2.984762    1.000   -2.000    1.977     0.00097   -0.789
   30       4    2.984762    1.000    2.000    1.977    -0.00198   -0.797
   31       4    3.000000    0.000    3.000    0.000     0.00988   -0.757
   32       4    3.048740    0.500    0.500    2.966     0.00169   -0.750
   33       4    3.048740   -0.500   -0.500   -2.966     0.00169   -0.744
   34       4    3.078506   -2.500    1.500    0.989     0.00451   -0.726
   35       4    3.078506    1.500   -2.500    0.989     0.00307   -0.713
   36       4    3.078506    2.500    1.500    0.989     0.00307   -0.701
   37       4    3.078506    1.500    2.500    0.989     0.00451   -0.683
   38       4    3.162278   -1.000    3.000    0.000    -0.00249   -0.693
   39       4    3.162278    3.000   -1.000    0.000     0.00225   -0.684
   40       4    3.360776    1.500   -0.500   -2.966    -0.00059   -0.686
   41       4    3.360776    1.500   -0.500    2.966    -0.00059   -0.689
   42       4    3.360776   -0.500    1.500   -2.966    -0.00094   -0.693
   43       4    3.360776   -0.500    1.500    2.966    -0.00094   -0.696
   44       4    3.450914   -2.000    2.000    1.977    -0.00249   -0.706
   45       4    3.450914   -2.000    2.000   -1.977    -0.00249   -0.716
   46       4    3.592883    3.000    0.000    1.977    -0.00114   -0.721
   47       4    3.592883    0.000    3.000    1.977    -0.00114   -0.725
   48       4    3.605551    3.000   -2.000    0.000     0.00250   -0.715
   49       4    3.605551   -2.000    3.000    0.000     0.00028   -0.714
   50       4    3.646205    1.500    1.500   -2.966     0.00102   -0.710
   51       4    3.646205    1.500   -1.500   -2.966     0.00102   -0.706
   52       4    3.671131   -3.500   -0.500    0.989    -0.00119   -0.711
   53       4    3.671131   -3.500    0.500    0.989     0.00111   -0.706
   54       4    3.671131    0.500    3.500    0.989     0.00111   -0.702
   55       4    3.671131    0.500   -3.500    0.989    -0.00119   -0.707
   56       4    3.671131   -2.500   -2.500    0.989     0.00192   -0.699
   57       4    3.671131    2.500   -2.500    0.989     0.00192   -0.691
   58       4    3.729451   -1.000    3.000    1.977     0.00063   -0.689
   59       4    3.729451    3.000   -1.000    1.977     0.00075   -0.686
   60       4    3.729451    3.000    1.000    1.977     0.00063   -0.683
   61       4    3.729451    1.000    3.000    1.977     0.00075   -0.680
   62       4    3.910858    2.500   -0.500    2.966    -0.00172   -0.687
   63       4    3.910858   -0.500    2.500    2.966    -0.00056   -0.689
   64       4    3.910858    2.500    0.500    2.966    -0.00056   -0.692
   65       4    3.910858    0.500    2.500    2.966    -0.00172   -0.698
   66       4    3.934107    1.500   -3.500   -0.989     0.00114   -0.694
   67       4    3.934107   -3.500    1.500   -0.989     0.00110   -0.689
   68       4    3.934107   -3.500    1.500    0.989     0.00110   -0.685
   69       4    3.934107    1.500   -3.500    0.989     0.00114   -0.680
   70       2    3.954140    0.000    0.000    3.954    -0.00826   -0.697
   71       4    4.000000    4.000    0.000    0.000    -0.00231   -0.706
   72       4    4.078630    0.000    1.000    3.954    -0.00242   -0.716
   73       4    4.078630    1.000    0.000    3.954    -0.00242   -0.726
   74       4    4.112032    3.000   -2.000    1.977    -0.00145   -0.731
   75       4    4.112032   -2.000    3.000    1.977    -0.00041   -0.733
   76       4    4.112032   -2.000    3.000   -1.977    -0.00041   -0.735
   77       4    4.112032    3.000   -2.000   -1.977    -0.00145   -0.740
   78       4    4.123106    1.000    4.000    0.000    -0.00034   -0.742
   79       4    4.123106    1.000   -4.000    0.000     0.00294   -0.730
   80       4    4.158703    1.500   -2.500    2.966     0.00198   -0.722
   81       4    4.158703    1.500    2.500    2.966     0.00208   -0.714
   82       4    4.158703    2.500    1.500    2.966     0.00198   -0.706
   83       4    4.158703   -2.500    1.500    2.966     0.00208   -0.698
   84       4    4.199431   -1.000   -1.000    3.954    -0.00121   -0.702
   85       4    4.199431    1.000   -1.000    3.954    -0.00121   -0.707
   86       4    4.242641   -3.000    3.000    0.000    -0.00439   -0.725
   87       4    4.413298    2.500   -3.500   -0.989    -0.00265   -0.735
   88       4    4.413298   -3.500    2.500   -0.989    -0.00030   -0.737
   89       4    4.413298   -2.500   -3.500   -0.989    -0.00030   -0.738
   90       4    4.413298   -3.500   -2.500   -0.989    -0.00265   -0.748
   91       4    4.431165   -2.000    0.000    3.954    -0.00035   -0.750
   92       4    4.431165    0.000   -2.000    3.954    -0.00035   -0.751
   93       4    4.461928    4.000    0.000   -1.977    -0.00088   -0.755
   94       4    4.461928    0.000    4.000   -1.977    -0.00088   -0.758
   95       4    4.472136   -2.000   -4.000    0.000     0.00158   -0.752
   96       4    4.472136    2.000   -4.000    0.000     0.00235   -0.743
   97       4    4.542601    1.000   -2.000    3.954     0.00115   -0.738
   98       4    4.542601   -2.000    1.000    3.954     0.00049   -0.736
   99       4    4.542601   -2.000   -1.000    3.954     0.00115   -0.731
  100       4    4.542601    1.000    2.000    3.954     0.00049   -0.729
  101       4    4.572615    1.000   -4.000    1.977     0.00105   -0.725
  102       4    4.572615    1.000    4.000    1.977    -0.00074   -0.728
  103       4    4.572615    4.000    1.000    1.977     0.00105   -0.724
  104       4    4.572615   -4.000    1.000    1.977    -0.00074   -0.727
  105       4    4.614630    2.500   -2.500    2.966    -0.00097   -0.731
  106       4    4.614630   -3.500    0.500   -2.966    -0.00028   -0.732
  107       4    4.614630   -0.500    3.500   -2.966    -0.00041   -0.734
  108       4    4.614630    3.500    0.500   -2.966    -0.00041   -0.735
  109       4    4.614630   -2.500   -2.500    2.966    -0.00097   -0.739
  110       4    4.614630    0.500    3.500   -2.966    -0.00028   -0.740
  111       4    4.634350    4.500    0.500    0.989    -0.00034   -0.742
  112       4    4.634350    0.500    4.500    0.989    -0.00028   -0.743
  113       4    4.634350    0.500   -4.500    0.989    -0.00034   -0.744
  114       4    4.634350   -4.500    0.500    0.989    -0.00028   -0.745
  115       4    4.680684   -3.000   -3.000    1.977    -0.00163   -0.752
  116       4    4.680684   -3.000    3.000    1.977    -0.00163   -0.758
  117       4    4.826470   -3.500    1.500   -2.966    -0.00064   -0.761
  118       4    4.826470    1.500   -3.500   -2.966     0.00050   -0.759
  119       4    4.826470   -3.500   -1.500   -2.966     0.00050   -0.757
  120       4    4.826470   -1.500   -3.500   -2.966    -0.00064   -0.759
  121       4    4.845328    4.500    1.500    0.989    -0.00022   -0.760
  122       4    4.845328    4.500    1.500   -0.989    -0.00022   -0.761
  123       4    4.845328    1.500    4.500    0.989    -0.00019   -0.762
  124       4    4.845328    1.500    4.500   -0.989    -0.00019   -0.763
  125       4    4.861607    2.000   -2.000    3.954    -0.00001   -0.763
  126       4    4.861607   -2.000   -2.000    3.954    -0.00001   -0.763
  127       4    4.889663   -2.000   -4.000    1.977     0.00024   -0.762
  128       4    4.889663   -4.000   -2.000    1.977     0.00031   -0.761
  129       4    4.889663    2.000   -4.000    1.977     0.00031   -0.759
  130       4    4.889663   -4.000    2.000    1.977     0.00024   -0.758
  131       4    4.963388   -3.000    0.000    3.954     0.00030   -0.757
  132       4    4.963388    0.000   -3.000    3.954     0.00030   -0.756
  133       4    4.992999    0.500    0.500   -4.943    -0.00030   -0.757
  134       4    4.992999   -0.500    0.500   -4.943    -0.00030   -0.758
  135       4    5.000000   -4.000    3.000    0.000     0.00102   -0.754
  136       4    5.000000    3.000   -4.000    0.000    -0.00177   -0.761

 pvgfe7: read J(rs), returning J(rs), ib=1, jb=2

 Sum J_ij=-0.004577  J_00= 0.000000  J_0=-0.004577 for ib=1, jb=2

 srvsym:  1636 vectors in 409 stars.  tau = 0.000 -0.500 0.494

   Star   nstar    |R|          -- R(jb)-R(ib) --        J(mRy)   sum J
    1       4    0.703065    0.000    0.500    0.494    -1.06872   -4.275
    2       4    1.222416   -1.000    0.500    0.494    -0.02766   -4.386
    3       4    1.222416   -1.000   -0.500    0.494    -0.02765   -4.496
    4       4    1.564833   -0.500    0.000    1.483    -0.00011   -4.497
    5       4    1.579335    0.000   -1.500    0.494    -0.00273   -4.507
    6       4    1.857068   -1.000    0.500   -1.483    -0.00213   -4.516
    7       4    1.857068   -1.000   -0.500   -1.483    -0.00215   -4.525
    8       4    1.869305    1.500    1.000   -0.494     0.00150   -4.519
    9       4    1.869305   -1.000   -1.500    0.494     0.00149   -4.513
   10       4    2.109195   -1.500    0.000    1.483    -0.01619   -4.577
   11       4    2.119977   -2.000    0.500    0.494    -0.00081   -4.581
   12       4    2.119977   -2.000   -0.500    0.494    -0.00081   -4.584
   13       4    2.334246   -1.500   -1.000    1.483    -0.00054   -4.586
   14       4    2.334246   -1.500    1.000    1.483    -0.00054   -4.588
   15       4    2.521410    0.000   -0.500    2.471     0.00037   -4.587
   16       4    2.539430   -0.500   -2.000    1.483    -0.00043   -4.588
   17       4    2.539430    0.500   -2.000    1.483    -0.00043   -4.590
   18       4    2.548392   -1.500    2.000   -0.494     0.00008   -4.590
   19       4    2.548392    2.000   -1.500    0.494     0.00009   -4.589
   20       4    2.548392    0.000   -2.500    0.494     0.00049   -4.587
   21       4    2.712473   -1.000   -0.500    2.471     0.00013   -4.587
   22       4    2.712473    1.000   -0.500    2.471     0.00013   -4.586
   23       4    2.737572   -1.000    2.500    0.494     0.00034   -4.585
   24       4    2.737572   -1.000   -2.500    0.494     0.00035   -4.584
   25       4    2.890936    0.000   -1.500    2.471    -0.00003   -4.584
   26       4    2.906665    1.500   -2.000    1.483     0.00024   -4.583
   27       4    2.906665    2.000   -1.500   -1.483     0.00023   -4.582
   28       4    2.906665    0.000    2.500   -1.483    -0.00060   -4.584
   29       4    3.059005   -1.000   -1.500    2.471     0.00024   -4.583
   30       4    3.059005   -1.000    1.500    2.471     0.00024   -4.582
   31       4    3.073874   -2.500    1.000    1.483     0.00027   -4.581
   32       4    3.073874   -2.500   -1.000    1.483     0.00027   -4.580
   33       4    3.081282    0.500   -3.000   -0.494     0.00063   -4.578
   34       4    3.081282   -3.000    0.500    0.494     0.00063   -4.575
   35       4    3.218308    2.000   -0.500    2.471     0.00005   -4.575
   36       4    3.218308   -2.000   -0.500    2.471     0.00005   -4.575
   37       4    3.239491    2.500   -2.000   -0.494    -0.00034   -4.576
   38       4    3.239491   -2.000    2.500    0.494    -0.00034   -4.578
   39       4    3.383593   -0.500    3.000    1.483    -0.00005   -4.578
   40       4    3.383593   -0.500   -3.000    1.483    -0.00005   -4.578
   41       4    3.390325   -1.500    3.000   -0.494    -0.00026   -4.579
   42       4    3.390325    3.000   -1.500    0.494    -0.00026   -4.580
   43       4    3.495814   -0.500    0.000    3.460    -0.00014   -4.581
   44       4    3.515325    0.000    2.500    2.471    -0.00011   -4.581
   45       4    3.515325    2.000   -1.500    2.471     0.00000   -4.581
   46       4    3.515325    1.500   -2.000   -2.471     0.00001   -4.581
   47       4    3.528272    2.500   -2.000    1.483     0.00029   -4.580
   48       4    3.528272   -2.000    2.500   -1.483     0.00028   -4.579
   49       4    3.534728   -3.500    0.000   -0.494     0.00023   -4.578
   50       4    3.636030    0.500    1.000    3.460    -0.00013   -4.578
   51       4    3.636030    0.500   -1.000    3.460    -0.00012   -4.579
   52       4    3.654793   -1.000    2.500    2.471    -0.00006   -4.579
   53       4    3.654793   -1.000   -2.500    2.471    -0.00007   -4.579
   54       4    3.667247    1.500   -3.000    1.483     0.00017   -4.579
   55       4    3.667247    3.000   -1.500   -1.483     0.00017   -4.578
   56       4    3.673459    1.000   -3.500    0.494    -0.00013   -4.578
   57       4    3.673459    1.000    3.500    0.494    -0.00013   -4.579
   58       4    3.771037    1.500    0.000    3.460    -0.00005   -4.579
   59       4    3.801145   -3.500    0.000    1.483    -0.00015   -4.580
   60       4    3.901374    1.000    1.500   -3.460     0.00003   -4.580
   61       4    3.901374   -1.000    1.500   -3.460     0.00003   -4.580
   62       4    3.918866    3.000   -0.500    2.471     0.00012   -4.579
   63       4    3.918866   -3.000   -0.500    2.471     0.00013   -4.579
   64       4    3.930484   -1.000    3.500   -1.483     0.00002   -4.578
   65       4    3.930484   -3.500    1.000    1.483     0.00002   -4.578
   66       4    3.936280   -2.500    3.000   -0.494    -0.00042   -4.580
   67       4    3.936280    3.000   -2.500    0.494    -0.00042   -4.582
   68       4    4.027495    2.000   -0.500   -3.460     0.00010   -4.581
   69       4    4.027495   -0.500    2.000    3.460     0.00010   -4.581
   70       4    4.044442   -2.000    2.500    2.471     0.00030   -4.580
   71       4    4.044442    2.500   -2.000   -2.471     0.00031   -4.579
   72       4    4.061318    0.500   -4.000   -0.494     0.00016   -4.578
   73       4    4.061318   -4.000    0.500    0.494     0.00016   -4.577
   74       4    4.061318   -2.000   -3.500    0.494    -0.00004   -4.577
   75       4    4.061318    3.500    2.000   -0.494    -0.00004   -4.578
   76       4    4.166234    3.000   -1.500    2.471     0.00013   -4.577
   77       4    4.166234   -1.500    3.000   -2.471     0.00013   -4.577
   78       4    4.177164   -2.500    3.000    1.483     0.00006   -4.576
   79       4    4.177164    3.000   -2.500   -1.483     0.00006   -4.576
   80       4    4.268573    2.000   -1.500   -3.460     0.00008   -4.576
   81       4    4.268573    2.000    1.500   -3.460     0.00007   -4.575
   82       4    4.268573   -2.500    0.000    3.460     0.00021   -4.575
   83       4    4.284566    0.000   -3.500    2.471     0.00020   -4.574
   84       4    4.295195    0.500   -4.000    1.483     0.00002   -4.574
   85       4    4.295195   -4.000    0.500   -1.483     0.00002   -4.574
   86       4    4.295195   -3.500    2.000    1.483     0.00001   -4.574
   87       4    4.295195    3.500    2.000    1.483     0.00001   -4.574
   88       4    4.300500    1.500   -4.000   -0.494    -0.00012   -4.574
   89       4    4.300500   -1.500   -4.000   -0.494    -0.00012   -4.574
   90       4    4.384144   -2.500    1.000    3.460     0.00006   -4.574
   91       4    4.384144   -1.000    2.500   -3.460     0.00006   -4.574
   92       4    4.399717   -1.000    3.500    2.471    -0.00001   -4.574
   93       4    4.399717   -1.000   -3.500    2.471    -0.00001   -4.574
   94       4    4.476419    0.000    0.500    4.448    -0.00007   -4.574
   95       4    4.522024   -4.000    1.500   -1.483    -0.00007   -4.575
   96       4    4.522024    1.500   -4.000    1.483    -0.00008   -4.575
   97       4    4.527063    4.500    0.000   -0.494    -0.00002   -4.575
   98       4    4.586756    1.000   -0.500    4.448    -0.00001   -4.575
   99       4    4.586756    1.000    0.500    4.448    -0.00001   -4.575
  100       4    4.606595    0.500    3.000    3.460     0.00001   -4.575
  101       4    4.606595   -3.000   -0.500   -3.460     0.00001   -4.575
  102       4    4.621419    3.000   -2.500    2.471     0.00001   -4.575
  103       4    4.621419   -3.000   -2.500    2.471     0.00001   -4.575
  104       4    4.636195   -3.500    3.000   -0.494    -0.00002   -4.575
  105       4    4.636195   -4.500    1.000   -0.494     0.00005   -4.575
  106       4    4.636195    4.500    1.000   -0.494     0.00006   -4.575
  107       4    4.636195   -3.500   -3.000   -0.494    -0.00002   -4.575
  108       4    4.694500   -1.500    0.000   -4.448     0.00005   -4.574
  109       4    4.713886   -2.000    2.500   -3.460     0.00002   -4.574
  110       4    4.713886   -2.500    2.000    3.460     0.00002   -4.574
  111       4    4.728373    4.000   -0.500    2.471    -0.00001   -4.574
  112       4    4.728373   -2.000   -3.500    2.471     0.00013   -4.574
  113       4    4.728373   -2.000    3.500    2.471     0.00012   -4.573
  114       4    4.728373    0.500   -4.000   -2.471    -0.00001   -4.573
  115       4    4.738006    0.000   -4.500   -1.483    -0.00009   -4.574
  116       4    4.742816    4.000    2.500    0.494    -0.00012   -4.574
  117       4    4.742816    2.500    4.000   -0.494    -0.00012   -4.575
  118       4    4.799826    1.500    1.000   -4.448    -0.00001   -4.575
  119       4    4.799826    1.000    1.500    4.448    -0.00002   -4.575
  120       4    4.818788   -3.000    1.500   -3.460    -0.00012   -4.575
  121       4    4.818788    3.000    1.500   -3.460    -0.00011   -4.576
  122       4    4.842386    3.500    3.000    1.483     0.00000   -4.576
  123       4    4.842386   -4.500    1.000    1.483     0.00006   -4.575
  124       4    4.842386    1.000   -4.500   -1.483     0.00006   -4.575
  125       4    4.842386   -3.500    3.000    1.483     0.00001   -4.575
  126       4    4.902890    0.500    2.000   -4.448    -0.00001   -4.575
  127       4    4.902890    2.000    0.500    4.448     0.00000   -4.575
  128       4    4.921455    0.000   -3.500   -3.460     0.00010   -4.575
  129       4    4.935333   -4.000   -1.500    2.471    -0.00006   -4.575
  130       4    4.935333    4.000   -1.500    2.471    -0.00006   -4.575
  131       4    4.944563    4.000   -2.500   -1.483    -0.00002   -4.575
  132       4    4.944563    2.500   -4.000    1.483    -0.00002   -4.575
  133       4    4.949172    4.500   -2.000   -0.494     0.00000   -4.575
  134       4    4.949172    2.000   -4.500    0.494    -0.00001   -4.575

 pvgfe7: read J(rs), returning J(rs), ib=2, jb=1

 Sum J_ij=-0.004577  J_00= 0.000000  J_0=-0.004577 for ib=2, jb=1

 srvsym:  1636 vectors in 409 stars.  tau = 0.000 0.500 -0.494

   Star   nstar    |R|          -- R(jb)-R(ib) --        J(mRy)   sum J
    1       4    0.703065    0.500    0.000    0.494    -1.06872   -4.275
    2       4    1.222416    0.500   -1.000    0.494    -0.02765   -4.385
    3       4    1.222416   -0.500   -1.000    0.494    -0.02766   -4.496
    4       4    1.564833   -0.500    0.000   -1.483    -0.00011   -4.497
    5       4    1.579335    0.000   -1.500   -0.494    -0.00273   -4.507
    6       4    1.857068   -0.500    1.000   -1.483    -0.00215   -4.516
    7       4    1.857068    0.500    1.000   -1.483    -0.00213   -4.525
    8       4    1.869305    1.500   -1.000    0.494     0.00149   -4.519
    9       4    1.869305    1.500    1.000    0.494     0.00150   -4.513
   10       4    2.109195    0.000    1.500    1.483    -0.01619   -4.577
   11       4    2.119977    2.000   -0.500   -0.494    -0.00081   -4.581
   12       4    2.119977   -2.000   -0.500   -0.494    -0.00081   -4.584
   13       4    2.334246   -1.500    1.000   -1.483    -0.00054   -4.586
   14       4    2.334246    1.500    1.000   -1.483    -0.00054   -4.588
   15       4    2.521410    0.500    0.000    2.471     0.00037   -4.587
   16       4    2.539430   -2.000    0.500    1.483    -0.00043   -4.588
   17       4    2.539430    2.000    0.500    1.483    -0.00043   -4.590
   18       4    2.548392   -2.000   -1.500   -0.494     0.00008   -4.590
   19       4    2.548392   -2.500    0.000    0.494     0.00049   -4.588
   20       4    2.548392    2.000   -1.500   -0.494     0.00009   -4.587
   21       4    2.712473   -0.500    1.000    2.471     0.00013   -4.587
   22       4    2.712473   -1.000    0.500   -2.471     0.00013   -4.586
   23       4    2.737572   -1.000    2.500   -0.494     0.00034   -4.585
   24       4    2.737572    2.500   -1.000    0.494     0.00035   -4.584
   25       4    2.890936    1.500    0.000    2.471    -0.00003   -4.584
   26       4    2.906665    0.000    2.500    1.483    -0.00060   -4.586
   27       4    2.906665   -2.000    1.500    1.483     0.00023   -4.585
   28       4    2.906665   -1.500    2.000   -1.483     0.00024   -4.584
   29       4    3.059005    1.500    1.000    2.471     0.00024   -4.583
   30       4    3.059005   -1.500    1.000    2.471     0.00024   -4.582
   31       4    3.073874    2.500   -1.000   -1.483     0.00027   -4.581
   32       4    3.073874   -1.000    2.500    1.483     0.00027   -4.580
   33       4    3.081282    3.000   -0.500   -0.494     0.00063   -4.578
   34       4    3.081282   -0.500    3.000    0.494     0.00063   -4.575
   35       4    3.218308    0.500   -2.000    2.471     0.00005   -4.575
   36       4    3.218308    0.500    2.000    2.471     0.00005   -4.575
   37       4    3.239491   -2.000   -2.500   -0.494    -0.00034   -4.576
   38       4    3.239491   -2.000    2.500   -0.494    -0.00034   -4.578
   39       4    3.383593   -0.500   -3.000   -1.483    -0.00005   -4.578
   40       4    3.383593    3.000    0.500    1.483    -0.00005   -4.578
   41       4    3.390325   -3.000    1.500   -0.494    -0.00026   -4.579
   42       4    3.390325   -1.500    3.000    0.494    -0.00026   -4.580
   43       4    3.495814    0.500    0.000   -3.460    -0.00014   -4.581
   44       4    3.515325    2.500    0.000    2.471    -0.00011   -4.581
   45       4    3.515325    1.500   -2.000    2.471     0.00001   -4.581
   46       4    3.515325   -1.500   -2.000    2.471     0.00000   -4.581
   47       4    3.528272   -2.500    2.000   -1.483     0.00029   -4.580
   48       4    3.528272    2.000   -2.500    1.483     0.00028   -4.579
   49       4    3.534728   -3.500    0.000    0.494     0.00023   -4.578
   50       4    3.636030    0.500    1.000   -3.460    -0.00013   -4.578
   51       4    3.636030    0.500   -1.000   -3.460    -0.00012   -4.579
   52       4    3.654793    2.500    1.000    2.471    -0.00006   -4.579
   53       4    3.654793    2.500   -1.000    2.471    -0.00007   -4.579
   54       4    3.667247   -1.500    3.000   -1.483     0.00017   -4.579
   55       4    3.667247    3.000   -1.500    1.483     0.00017   -4.578
   56       4    3.673459    1.000   -3.500   -0.494    -0.00013   -4.578
   57       4    3.673459   -1.000   -3.500   -0.494    -0.00013   -4.579
   58       4    3.771037    1.500    0.000   -3.460    -0.00005   -4.579
   59       4    3.801145   -3.500    0.000   -1.483    -0.00015   -4.580
   60       4    3.901374    1.500    1.000   -3.460     0.00003   -4.580
   61       4    3.901374   -1.000   -1.500    3.460     0.00003   -4.580
   62       4    3.918866    0.500    3.000    2.471     0.00012   -4.579
   63       4    3.918866   -0.500    3.000    2.471     0.00013   -4.579
   64       4    3.930484    3.500   -1.000   -1.483     0.00002   -4.578
   65       4    3.930484   -3.500   -1.000   -1.483     0.00002   -4.578
   66       4    3.936280    2.500   -3.000    0.494    -0.00042   -4.580
   67       4    3.936280    2.500    3.000    0.494    -0.00042   -4.582
   68       4    4.027495   -0.500    2.000   -3.460     0.00010   -4.581
   69       4    4.027495   -0.500   -2.000   -3.460     0.00010   -4.581
   70       4    4.044442   -2.500   -2.000    2.471     0.00030   -4.580
   71       4    4.044442    2.500   -2.000    2.471     0.00031   -4.579
   72       4    4.061318   -4.000   -0.500   -0.494     0.00016   -4.578
   73       4    4.061318   -3.500   -2.000    0.494    -0.00004   -4.578
   74       4    4.061318   -3.500    2.000    0.494    -0.00004   -4.578
   75       4    4.061318   -4.000    0.500   -0.494     0.00016   -4.578
   76       4    4.166234   -1.500   -3.000    2.471     0.00013   -4.577
   77       4    4.166234   -1.500    3.000    2.471     0.00013   -4.577
   78       4    4.177164   -2.500   -3.000   -1.483     0.00006   -4.576
   79       4    4.177164   -3.000   -2.500    1.483     0.00006   -4.576
   80       4    4.268573    1.500    2.000   -3.460     0.00008   -4.576
   81       4    4.268573    1.500   -2.000   -3.460     0.00007   -4.575
   82       4    4.268573    2.500    0.000   -3.460     0.00021   -4.575
   83       4    4.284566    3.500    0.000    2.471     0.00020   -4.574
   84       4    4.295195   -3.500   -2.000   -1.483     0.00001   -4.574
   85       4    4.295195    0.500   -4.000   -1.483     0.00002   -4.574
   86       4    4.295195   -3.500    2.000   -1.483     0.00001   -4.574
   87       4    4.295195    4.000   -0.500    1.483     0.00002   -4.574
   88       4    4.300500   -4.000    1.500   -0.494    -0.00012   -4.574
   89       4    4.300500    4.000    1.500   -0.494    -0.00012   -4.574
   90       4    4.384144    2.500   -1.000   -3.460     0.00006   -4.574
   91       4    4.384144    2.500    1.000   -3.460     0.00006   -4.574
   92       4    4.399717    3.500   -1.000    2.471    -0.00001   -4.574
   93       4    4.399717    3.500    1.000    2.471    -0.00001   -4.574
   94       4    4.476419    0.000    0.500   -4.448    -0.00007   -4.574
   95       4    4.522024   -1.500    4.000   -1.483    -0.00008   -4.575
   96       4    4.522024    1.500    4.000   -1.483    -0.00007   -4.575
   97       4    4.527063    0.000   -4.500   -0.494    -0.00002   -4.575
   98       4    4.586756    0.500    1.000    4.448    -0.00001   -4.575
   99       4    4.586756   -1.000   -0.500   -4.448    -0.00001   -4.575
  100       4    4.606595    0.500    3.000   -3.460     0.00001   -4.575
  101       4    4.606595    0.500   -3.000   -3.460     0.00001   -4.575
  102       4    4.621419   -2.500   -3.000    2.471     0.00001   -4.575
  103       4    4.621419   -2.500    3.000    2.471     0.00001   -4.575
  104       4    4.636195   -3.000    3.500   -0.494    -0.00002   -4.575
  105       4    4.636195    1.000   -4.500   -0.494     0.00006   -4.575
  106       4    4.636195   -3.500    3.000    0.494    -0.00002   -4.575
  107       4    4.636195   -1.000   -4.500   -0.494     0.00005   -4.575
  108       4    4.694500    1.500    0.000    4.448     0.00005   -4.574
  109       4    4.713886   -2.000   -2.500    3.460     0.00002   -4.574
  110       4    4.713886    2.500    2.000   -3.460     0.00002   -4.574
  111       4    4.728373   -0.500   -4.000    2.471    -0.00001   -4.574
  112       4    4.728373   -3.500   -2.000    2.471     0.00012   -4.574
  113       4    4.728373   -2.000   -3.500   -2.471     0.00013   -4.573
  114       4    4.728373   -0.500    4.000    2.471    -0.00001   -4.573
  115       4    4.738006   -4.500    0.000   -1.483    -0.00009   -4.574
  116       4    4.742816   -4.000    2.500   -0.494    -0.00012   -4.574
  117       4    4.742816   -4.000   -2.500   -0.494    -0.00012   -4.575
  118       4    4.799826    1.500    1.000    4.448    -0.00001   -4.575
  119       4    4.799826    1.000    1.500   -4.448    -0.00002   -4.575
  120       4    4.818788    3.000   -1.500    3.460    -0.00012   -4.575
  121       4    4.818788   -1.500    3.000   -3.460    -0.00011   -4.576
  122       4    4.842386   -3.500   -3.000   -1.483     0.00000   -4.576
  123       4    4.842386   -3.500    3.000   -1.483     0.00001   -4.576
  124       4    4.842386   -4.500   -1.000   -1.483     0.00006   -4.575
  125       4    4.842386   -4.500    1.000   -1.483     0.00006   -4.575
  126       4    4.902890   -0.500    2.000    4.448     0.00000   -4.575
  127       4    4.902890    0.500    2.000    4.448    -0.00001   -4.575
  128       4    4.921455   -3.500    0.000   -3.460     0.00010   -4.575
  129       4    4.935333   -4.000   -1.500   -2.471    -0.00006   -4.575
  130       4    4.935333   -4.000    1.500   -2.471    -0.00006   -4.575
  131       4    4.944563   -2.500   -4.000   -1.483    -0.00002   -4.575
  132       4    4.944563   -4.000   -2.500    1.483    -0.00002   -4.575
  133       4    4.949172    2.000    4.500   -0.494     0.00000   -4.575
  134       4    4.949172   -2.000    4.500   -0.494    -0.00001   -4.575

 pvgfe7: read J(rs), returning J(rs), ib=2, jb=2

 Sum J_ij=-0.572357  J_00=-0.571594  J_0=-0.000763 for ib=2, jb=2

 srvsym:  1727 vectors in 434 stars.  tau = 0.000 0.000 0.000

   Star   nstar    |R|          -- R(jb)-R(ib) --        J(mRy)   sum J
    1       1    0.000000    0.000    0.000    0.000  -571.59388    0.000
    2       4    1.000000   -1.000    0.000    0.000    -0.02871   -0.115
    3       4    1.215402   -0.500   -0.500    0.989    -0.02487   -0.214
    4       4    1.215402    0.500    0.500   -0.989    -0.02487   -0.314
    5       4    1.414214    1.000    1.000    0.000    -0.10952   -0.752
    6       4    1.864726   -0.500   -1.500    0.989     0.01058   -0.710
    7       4    1.864726   -1.500   -0.500    0.989    -0.00056   -0.712
    8       4    1.864726   -0.500    1.500    0.989    -0.00056   -0.714
    9       4    1.864726   -1.500    0.500    0.989     0.01058   -0.672
   10       2    1.977070    0.000    0.000    1.977    -0.00407   -0.680
   11       4    2.000000    0.000    2.000    0.000    -0.00691   -0.708
   12       4    2.215582   -1.000    0.000    1.977    -0.01075   -0.751
   13       4    2.215582    0.000   -1.000    1.977    -0.01075   -0.794
   14       4    2.236068    2.000   -1.000    0.000    -0.00902   -0.830
   15       4    2.236068   -1.000    2.000    0.000    -0.01432   -0.887
   16       4    2.340342    1.500    1.500   -0.989    -0.00780   -0.918
   17       4    2.340342   -1.500    1.500   -0.989    -0.00780   -0.949
   18       4    2.430804   -1.000   -1.000    1.977     0.01106   -0.905
   19       4    2.430804    1.000    1.000   -1.977     0.01106   -0.861
   20       4    2.734447   -0.500    2.500    0.989     0.00639   -0.835
   21       4    2.734447    2.500   -0.500    0.989    -0.00108   -0.840
   22       4    2.734447   -0.500   -2.500    0.989    -0.00108   -0.844
   23       4    2.734447   -2.500   -0.500    0.989     0.00639   -0.818
   24       4    2.812260    0.000   -2.000    1.977     0.00153   -0.812
   25       4    2.812260   -2.000    0.000    1.977     0.00153   -0.806
   26       4    2.828427    2.000   -2.000    0.000     0.00485   -0.787
   27       4    2.984762    2.000    1.000    1.977    -0.00208   -0.795
   28       4    2.984762   -2.000    1.000    1.977     0.00107   -0.791
   29       4    2.984762    1.000   -2.000    1.977    -0.00208   -0.799
   30       4    2.984762    1.000    2.000    1.977     0.00107   -0.795
   31       4    3.000000    0.000    3.000    0.000     0.00975   -0.756
   32       4    3.048740    0.500    0.500    2.966     0.00179   -0.749
   33       4    3.048740   -0.500   -0.500   -2.966     0.00179   -0.741
   34       4    3.078506   -2.500    1.500    0.989     0.00304   -0.729
   35       4    3.078506    1.500   -2.500    0.989     0.00458   -0.711
   36       4    3.078506    2.500    1.500    0.989     0.00458   -0.693
   37       4    3.078506    1.500    2.500    0.989     0.00304   -0.681
   38       4    3.162278   -1.000    3.000    0.000     0.00225   -0.672
   39       4    3.162278    3.000   -1.000    0.000    -0.00241   -0.681
   40       4    3.360776    1.500   -0.500   -2.966    -0.00091   -0.685
   41       4    3.360776    1.500   -0.500    2.966    -0.00091   -0.688
   42       4    3.360776   -0.500    1.500   -2.966    -0.00066   -0.691
   43       4    3.360776   -0.500    1.500    2.966    -0.00066   -0.694
   44       4    3.450914   -2.000    2.000    1.977    -0.00247   -0.704
   45       4    3.450914   -2.000    2.000   -1.977    -0.00247   -0.713
   46       4    3.592883    3.000    0.000    1.977    -0.00106   -0.718
   47       4    3.592883    0.000    3.000    1.977    -0.00106   -0.722
   48       4    3.605551    3.000   -2.000    0.000     0.00029   -0.721
   49       4    3.605551   -2.000    3.000    0.000     0.00250   -0.711
   50       4    3.646205    1.500    1.500   -2.966     0.00098   -0.707
   51       4    3.646205    1.500   -1.500   -2.966     0.00098   -0.703
   52       4    3.671131   -3.500   -0.500    0.989     0.00110   -0.699
   53       4    3.671131   -3.500    0.500    0.989    -0.00120   -0.703
   54       4    3.671131    0.500    3.500    0.989    -0.00120   -0.708
   55       4    3.671131    0.500   -3.500    0.989     0.00110   -0.704
   56       4    3.671131   -2.500   -2.500    0.989     0.00191   -0.696
   57       4    3.671131    2.500   -2.500    0.989     0.00191   -0.689
   58       4    3.729451   -1.000    3.000    1.977     0.00070   -0.686
   59       4    3.729451    3.000   -1.000    1.977     0.00057   -0.683
   60       4    3.729451    3.000    1.000    1.977     0.00070   -0.681
   61       4    3.729451    1.000    3.000    1.977     0.00057   -0.678
   62       4    3.910858    2.500   -0.500    2.966    -0.00047   -0.680
   63       4    3.910858   -0.500    2.500    2.966    -0.00171   -0.687
   64       4    3.910858    2.500    0.500    2.966    -0.00171   -0.694
   65       4    3.910858    0.500    2.500    2.966    -0.00047   -0.696
   66       4    3.934107    1.500   -3.500   -0.989     0.00117   -0.691
   67       4    3.934107   -3.500    1.500   -0.989     0.00113   -0.687
   68       4    3.934107   -3.500    1.500    0.989     0.00113   -0.682
   69       4    3.934107    1.500   -3.500    0.989     0.00117   -0.677
   70       2    3.954140    0.000    0.000    3.954    -0.00821   -0.694
   71       4    4.000000    4.000    0.000    0.000    -0.00238   -0.703
   72       4    4.078630    0.000    1.000    3.954    -0.00238   -0.713
   73       4    4.078630    1.000    0.000    3.954    -0.00238   -0.722
   74       4    4.112032    3.000   -2.000    1.977    -0.00036   -0.724
   75       4    4.112032   -2.000    3.000    1.977    -0.00141   -0.729
   76       4    4.112032   -2.000    3.000   -1.977    -0.00141   -0.735
   77       4    4.112032    3.000   -2.000   -1.977    -0.00036   -0.737
   78       4    4.123106    1.000    4.000    0.000     0.00299   -0.725
   79       4    4.123106    1.000   -4.000    0.000    -0.00027   -0.726
   80       4    4.158703    1.500   -2.500    2.966     0.00198   -0.718
   81       4    4.158703    1.500    2.500    2.966     0.00201   -0.710
   82       4    4.158703    2.500    1.500    2.966     0.00198   -0.702
   83       4    4.158703   -2.500    1.500    2.966     0.00201   -0.694
   84       4    4.199431   -1.000   -1.000    3.954    -0.00123   -0.699
   85       4    4.199431    1.000   -1.000    3.954    -0.00123   -0.704
   86       4    4.242641   -3.000    3.000    0.000    -0.00436   -0.721
   87       4    4.413298    2.500   -3.500   -0.989    -0.00024   -0.722
   88       4    4.413298   -3.500    2.500   -0.989    -0.00272   -0.733
   89       4    4.413298   -2.500   -3.500   -0.989    -0.00272   -0.744
   90       4    4.413298   -3.500   -2.500   -0.989    -0.00024   -0.745
   91       4    4.431165   -2.000    0.000    3.954    -0.00038   -0.746
   92       4    4.431165    0.000   -2.000    3.954    -0.00038   -0.748
   93       4    4.461928    4.000    0.000   -1.977    -0.00081   -0.751
   94       4    4.461928    0.000    4.000   -1.977    -0.00081   -0.754
   95       4    4.472136   -2.000   -4.000    0.000     0.00239   -0.745
   96       4    4.472136    2.000   -4.000    0.000     0.00152   -0.739
   97       4    4.542601    1.000   -2.000    3.954     0.00049   -0.737
   98       4    4.542601   -2.000    1.000    3.954     0.00117   -0.732
   99       4    4.542601   -2.000   -1.000    3.954     0.00049   -0.730
  100       4    4.542601    1.000    2.000    3.954     0.00117   -0.725
  101       4    4.572615    1.000   -4.000    1.977    -0.00086   -0.729
  102       4    4.572615    1.000    4.000    1.977     0.00103   -0.725
  103       4    4.572615    4.000    1.000    1.977    -0.00086   -0.728
  104       4    4.572615   -4.000    1.000    1.977     0.00103   -0.724
  105       4    4.614630    2.500   -2.500    2.966    -0.00095   -0.728
  106       4    4.614630   -3.500    0.500   -2.966    -0.00040   -0.729
  107       4    4.614630   -0.500    3.500   -2.966    -0.00018   -0.730
  108       4    4.614630    3.500    0.500   -2.966    -0.00018   -0.731
  109       4    4.614630   -2.500   -2.500    2.966    -0.00095   -0.734
  110       4    4.614630    0.500    3.500   -2.966    -0.00040   -0.736
  111       4    4.634350    4.500    0.500    0.989    -0.00033   -0.737
  112       4    4.634350    0.500    4.500    0.989    -0.00034   -0.739
  113       4    4.634350    0.500   -4.500    0.989    -0.00033   -0.740
  114       4    4.634350   -4.500    0.500    0.989    -0.00034   -0.741
  115       4    4.680684   -3.000   -3.000    1.977    -0.00167   -0.748
  116       4    4.680684   -3.000    3.000    1.977    -0.00167   -0.755
  117       4    4.826470   -3.500    1.500   -2.966     0.00041   -0.753
  118       4    4.826470    1.500   -3.500   -2.966    -0.00069   -0.756
  119       4    4.826470   -3.500   -1.500   -2.966    -0.00069   -0.759
  120       4    4.826470   -1.500   -3.500   -2.966     0.00041   -0.757
  121       4    4.845328    4.500    1.500    0.989    -0.00021   -0.758
  122       4    4.845328    4.500    1.500   -0.989    -0.00021   -0.759
  123       4    4.845328    1.500    4.500    0.989    -0.00022   -0.760
  124       4    4.845328    1.500    4.500   -0.989    -0.00022   -0.760
  125       4    4.861607    2.000   -2.000    3.954     0.00001   -0.760
  126       4    4.861607   -2.000   -2.000    3.954     0.00001   -0.760
  127       4    4.889663   -2.000   -4.000    1.977     0.00035   -0.759
  128       4    4.889663   -4.000   -2.000    1.977     0.00028   -0.758
  129       4    4.889663    2.000   -4.000    1.977     0.00028   -0.757
  130       4    4.889663   -4.000    2.000    1.977     0.00035   -0.755
  131       4    4.963388   -3.000    0.000    3.954     0.00029   -0.754
  132       4    4.963388    0.000   -3.000    3.954     0.00029   -0.753
  133       4    4.992999    0.500    0.500   -4.943    -0.00026   -0.754
  134       4    4.992999   -0.500    0.500   -4.943    -0.00026   -0.755
  135       4    5.000000   -4.000    3.000    0.000    -0.00179   -0.762
  136       4    5.000000    3.000   -4.000    0.000     0.00098   -0.758

 Sum J_ij for all pairs connected to listed sites (mRy)
 site       Sum J_ij       J_00    J_0(r<rcut)      J_0    2/3 J_0 (K)
   1        -576.932    -571.592      -5.335      -5.340    -561.9
   2        -576.934    -571.594      -5.331      -5.340    -561.8
 -------
 avg        -576.933    -571.593      -5.333      -5.340    -561.9 ( -561.1 r<rcut)

 ... Mean-field estimate:  Tc = 34.576 meV =  401.3 K
 Site  ez        Site  ez
   1   0.7071 |    2  -0.7071 |

 pvgfeo:  Symmetrize J(q) ... max deviation = 0

 ... generalized Tyablikov estimate for Tc, 2 site(s)
 mixing: mode=B  nmix=2  beta=.3  kill=7  betv=0
... iter 1 : RMS deviation in Tc = 0.000 meV   avg = 14.945 meV
... iter 2 : RMS deviation in Tc = 0.000 meV   avg = 14.949 meV
 ... RPA Tc converged in 3 iter:  Tc = 14.949 meV =  173.5 K
 Site  ez        Site  ez
   1   0.7071 |    2  -0.7071 |

 pvgfe8:  Make w(q) from J(q)
 pvgfe8:  antiferromagnetic case ...

 ... Stiffness from lim(lambda->0) FT 1/6 T**2 omega(T) exp(-lambda T)
    lambda    om(lambda,0)  om(lambda,0)  ln(om)
              Ry-alat**2    meV-A**2     (file sstiff)
  10.304219    0.000001      0.003       -5.8306
   9.273797    0.000002      0.009       -4.7369
   8.243375    0.000007      0.027       -3.6302
   7.212953    0.000021      0.081       -2.5083
   6.182532    0.000067      0.255       -1.3684
   5.152110    0.000214      0.813       -0.2065
   4.121688    0.000703      2.675        0.9841
   3.091266    0.002413      9.185        2.2176
   2.060844    0.008947     34.052        3.5279
   1.030422    0.040448    153.939        5.0366
   0.000000    0.639649   2434.401        7.7975

 ... generating J on a doubled mesh

 CHGMSH: remake f (15 * 15 * 15)  to f (30 * 30 * 30),  opt=13

 ... Make w(q) along lines in syml file (mRy)
 ... no syml file ... skipping SW spectra
 Exit 0 LMGF
 CPU time:  0.306s   Wall clock 0.324s  at  00:54:04 24.07.2025  on
