 ----------------- LMGF - ref: bebeec33 ------------------

 LMGF:     nbas = 8  nspec = 3  verb 35
 special:  forces,  display J
 pot:      spin-pol
 libxc:    GGA X (Perdew, Burke & Ernzerhof SOL) + GGA C (Perdew, Burke & Ernzerhof SOL)
 asa:      no-ccor, two-c-H
 bz:       metal(5), tetra 

                Plat                                  Qlat
  -0.500000   0.500000   0.988535       -1.000000   0.000000   0.505799
   0.500000  -0.500000   0.988535        0.000000  -1.000000   0.505799
   0.500000   0.500000   0.988535        1.000000   1.000000   0.000000
   alat = 10.304219  Cell vol = 1081.526890

 LATTC:  as= 2.000   tol=1.00e-16   alat=10.30422   awald= 0.195   lmax=6
         r1=  3.699   nkd= 223      q1=  4.525   nkg= 405

 SGROUP: 1 symmetry operations from 0 generators
 SYMLAT: Bravais system is tetragonal with 16 symmetry operations.
 SYMCRY: crystal invariant under 8 symmetry operations for tol=1e-5
 GROUPG: the following are sufficient to generate the space group:
         i*r4z m(1,1,0):(-1/2,0,-0.4942675)
         i*r4z m(1,1,0)::(1/4,-1/4,-1/2)
 MKSYM:  found 8 space group operations; adding inversion generated 16 ops
 BZMESH: 288 irreducible QP from 3375 ( 15 15 15 )  shift= F F F
 TETIRR: sorting 20250 tetrahedra ... 4311 inequivalent ones found

 EXASA: print properties calculated from J

 Makidx:  hamiltonian dimensions Low, Int, High, Negl: 128 0 0 0
 SUHAM : 2nd generation ASA; potential functions P3
  
 ZMESH: nz=10 (real axis: Im(z)=0)  e1,e2=0,0  wz=0
 Class   dq     amom      Class   dq     amom      Class   dq     amom
   1   0.0000  3.1020  |    2   0.0000  0.0000  |    3   0.0000  0.0000

 ... Display properties of Jij (GF mode 11):  rcut = -5*alat
 baslst:  1 2
 ... writing real-space Jij
 exasa: located (1,1) pair in file jr

 pvgfe7: read J(rs), returning J(rs), ib=1, jb=1

 Sum J_ij=-0.608331  J_00=-0.608085  J_0=-0.000246 for ib=1, jb=1

 srvsym:  1727 vectors in 434 stars.  tau = 0.000 0.000 0.000

   Star   nstar    |R|          -- R(jb)-R(ib) --        J(mRy)   sum J
    1       1    0.000000    0.000    0.000    0.000  -608.08493    0.000
    2       4    1.000000   -1.000    0.000    0.000     0.00718    0.029
    3       4    1.215402   -0.500   -0.500    0.989     0.00636    0.054         0.000
    4       4    1.215402    0.500    0.500   -0.989     0.00636    0.080         0.000
    5       4    1.414214    1.000    1.000    0.000    -0.07478   -0.220
    6       4    1.864726   -0.500   -1.500    0.989     0.00086   -0.216
    7       4    1.864726   -1.500   -0.500    0.989    -0.00179   -0.223
    8       4    1.864726   -0.500    1.500    0.989    -0.00179   -0.230
    9       4    1.864726   -1.500    0.500    0.989     0.00086   -0.227
   10       2    1.977070    0.000    0.000    1.977    -0.02386   -0.275
   11       4    2.000000    0.000    2.000    0.000     0.00701   -0.247
   12       4    2.215582   -1.000    0.000    1.977    -0.00090   -0.250
   13       4    2.215582    0.000   -1.000    1.977    -0.00090   -0.254
   14       4    2.236068    2.000   -1.000    0.000    -0.00932   -0.291         0.000
   15       4    2.236068   -1.000    2.000    0.000     0.00053   -0.289         0.000
   16       4    2.340342    1.500    1.500   -0.989     0.00335   -0.276         0.000
   17       4    2.340342   -1.500    1.500   -0.989     0.00335   -0.262         0.000
   18       4    2.430804   -1.000   -1.000    1.977     0.00368   -0.247         0.000
   19       4    2.430804    1.000    1.000   -1.977     0.00368   -0.233         0.000
   20       4    2.734447   -0.500    2.500    0.989    -0.00002   -0.233
   21       4    2.734447    2.500   -0.500    0.989    -0.00178   -0.240
   22       4    2.734447   -0.500   -2.500    0.989    -0.00178   -0.247
   23       4    2.734447   -2.500   -0.500    0.989    -0.00002   -0.247
   24       4    2.812260    0.000   -2.000    1.977    -0.00449   -0.265
   25       4    2.812260   -2.000    0.000    1.977    -0.00449   -0.283
   26       4    2.828427    2.000   -2.000    0.000    -0.00033   -0.284         0.000
   27       4    2.984762    2.000    1.000    1.977     0.00278   -0.273         0.000
   28       4    2.984762   -2.000    1.000    1.977     0.00232   -0.264         0.000
   29       4    2.984762    1.000   -2.000    1.977     0.00278   -0.253         0.000
   30       4    2.984762    1.000    2.000    1.977     0.00232   -0.244         0.000
   31       4    3.000000    0.000    3.000    0.000     0.00429   -0.226
   32       4    3.048740    0.500    0.500    2.966    -0.00090   -0.230         0.000
   33       4    3.048740   -0.500   -0.500   -2.966    -0.00090   -0.234         0.000
   34       4    3.078506   -2.500    1.500    0.989    -0.00048   -0.235
   35       4    3.078506    1.500   -2.500    0.989    -0.00054   -0.238
   36       4    3.078506    2.500    1.500    0.989    -0.00054   -0.240
   37       4    3.078506    1.500    2.500    0.989    -0.00048   -0.242
   38       4    3.162278   -1.000    3.000    0.000    -0.00692   -0.269
   39       4    3.162278    3.000   -1.000    0.000    -0.00336   -0.283
   40       4    3.360776    1.500   -0.500   -2.966     0.00117   -0.278         0.000
   41       4    3.360776    1.500   -0.500    2.966     0.00117   -0.273         0.000
   42       4    3.360776   -0.500    1.500   -2.966    -0.00059   -0.276         0.000
   43       4    3.360776   -0.500    1.500    2.966    -0.00059   -0.278         0.000
   44       4    3.450914   -2.000    2.000    1.977     0.00151   -0.272         0.000
   45       4    3.450914   -2.000    2.000   -1.977     0.00151   -0.266         0.000
   46       4    3.592883    3.000    0.000    1.977     0.00016   -0.265
   47       4    3.592883    0.000    3.000    1.977     0.00016   -0.265
   48       4    3.605551    3.000   -2.000    0.000     0.00331   -0.252         0.000
   49       4    3.605551   -2.000    3.000    0.000     0.00096   -0.248         0.000
   50       4    3.646205    1.500    1.500   -2.966     0.00059   -0.245
   51       4    3.646205    1.500   -1.500   -2.966     0.00059   -0.243
   52       4    3.671131   -3.500   -0.500    0.989    -0.00024   -0.244
   53       4    3.671131   -3.500    0.500    0.989    -0.00064   -0.246
   54       4    3.671131    0.500    3.500    0.989    -0.00064   -0.249
   55       4    3.671131    0.500   -3.500    0.989    -0.00024   -0.250
   56       4    3.671131   -2.500   -2.500    0.989     0.00251   -0.240         0.000
   57       4    3.671131    2.500   -2.500    0.989     0.00251   -0.230         0.000
   58       4    3.729451   -1.000    3.000    1.977    -0.00003   -0.230
   59       4    3.729451    3.000   -1.000    1.977     0.00067   -0.227
   60       4    3.729451    3.000    1.000    1.977    -0.00003   -0.227
   61       4    3.729451    1.000    3.000    1.977     0.00067   -0.225
   62       4    3.910858    2.500   -0.500    2.966     0.00089   -0.221
   63       4    3.910858   -0.500    2.500    2.966    -0.00094   -0.225
   64       4    3.910858    2.500    0.500    2.966    -0.00094   -0.229
   65       4    3.910858    0.500    2.500    2.966     0.00089   -0.225
   66       4    3.934107    1.500   -3.500   -0.989     0.00024   -0.224
   67       4    3.934107   -3.500    1.500   -0.989     0.00022   -0.223
   68       4    3.934107   -3.500    1.500    0.989     0.00022   -0.222
   69       4    3.934107    1.500   -3.500    0.989     0.00024   -0.222
   70       2    3.954140    0.000    0.000    3.954     0.00232   -0.217
   71       4    4.000000    4.000    0.000    0.000    -0.00003   -0.217
   72       4    4.078630    0.000    1.000    3.954    -0.00081   -0.220
   73       4    4.078630    1.000    0.000    3.954    -0.00081   -0.223
   74       4    4.112032    3.000   -2.000    1.977    -0.00036   -0.225         0.000
   75       4    4.112032   -2.000    3.000    1.977    -0.00006   -0.225         0.000
   76       4    4.112032   -2.000    3.000   -1.977    -0.00006   -0.225         0.000
   77       4    4.112032    3.000   -2.000   -1.977    -0.00036   -0.227         0.000
   78       4    4.123106    1.000    4.000    0.000    -0.00002   -0.227
   79       4    4.123106    1.000   -4.000    0.000     0.00045   -0.225
   80       4    4.158703    1.500   -2.500    2.966     0.00046   -0.223         0.000
   81       4    4.158703    1.500    2.500    2.966     0.00014   -0.223         0.000
   82       4    4.158703    2.500    1.500    2.966     0.00046   -0.221         0.000
   83       4    4.158703   -2.500    1.500    2.966     0.00014   -0.220         0.000
   84       4    4.199431   -1.000   -1.000    3.954     0.00023   -0.220         0.000
   85       4    4.199431    1.000   -1.000    3.954     0.00023   -0.219         0.000
   86       4    4.242641   -3.000    3.000    0.000    -0.00148   -0.225         0.000
   87       4    4.413298    2.500   -3.500   -0.989     0.00079   -0.221
   88       4    4.413298   -3.500    2.500   -0.989     0.00046   -0.220
   89       4    4.413298   -2.500   -3.500   -0.989     0.00046   -0.218
   90       4    4.413298   -3.500   -2.500   -0.989     0.00079   -0.215
   91       4    4.431165   -2.000    0.000    3.954    -0.00042   -0.216
   92       4    4.431165    0.000   -2.000    3.954    -0.00042   -0.218
   93       4    4.461928    4.000    0.000   -1.977    -0.00031   -0.219
   94       4    4.461928    0.000    4.000   -1.977    -0.00031   -0.220
   95       4    4.472136   -2.000   -4.000    0.000    -0.00044   -0.222         0.000
   96       4    4.472136    2.000   -4.000    0.000     0.00100   -0.218         0.000
   97       4    4.542601    1.000   -2.000    3.954     0.00023   -0.217
   98       4    4.542601   -2.000    1.000    3.954     0.00039   -0.216
   99       4    4.542601   -2.000   -1.000    3.954     0.00023   -0.215
  100       4    4.542601    1.000    2.000    3.954     0.00039   -0.213
  101       4    4.572615    1.000   -4.000    1.977     0.00058   -0.211
  102       4    4.572615    1.000    4.000    1.977     0.00128   -0.206
  103       4    4.572615    4.000    1.000    1.977     0.00058   -0.203
  104       4    4.572615   -4.000    1.000    1.977     0.00128   -0.198
  105       4    4.614630    2.500   -2.500    2.966     0.00067   -0.196
  106       4    4.614630   -3.500    0.500   -2.966     0.00015   -0.195
  107       4    4.614630   -0.500    3.500   -2.966    -0.00055   -0.197
  108       4    4.614630    3.500    0.500   -2.966    -0.00055   -0.199
  109       4    4.614630   -2.500   -2.500    2.966     0.00067   -0.197
  110       4    4.614630    0.500    3.500   -2.966     0.00015   -0.196
  111       4    4.634350    4.500    0.500    0.989     0.00031   -0.195
  112       4    4.634350    0.500    4.500    0.989    -0.00028   -0.196
  113       4    4.634350    0.500   -4.500    0.989     0.00031   -0.195
  114       4    4.634350   -4.500    0.500    0.989    -0.00028   -0.196
  115       4    4.680684   -3.000   -3.000    1.977    -0.00012   -0.196         0.000
  116       4    4.680684   -3.000    3.000    1.977    -0.00012   -0.197         0.000
  117       4    4.826470   -3.500    1.500   -2.966    -0.00036   -0.198
  118       4    4.826470    1.500   -3.500   -2.966    -0.00013   -0.199
  119       4    4.826470   -3.500   -1.500   -2.966    -0.00013   -0.199
  120       4    4.826470   -1.500   -3.500   -2.966    -0.00036   -0.201
  121       4    4.845328    4.500    1.500    0.989    -0.00047   -0.203
  122       4    4.845328    4.500    1.500   -0.989    -0.00047   -0.204
  123       4    4.845328    1.500    4.500    0.989     0.00001   -0.204
  124       4    4.845328    1.500    4.500   -0.989     0.00001   -0.204
  125       4    4.861607    2.000   -2.000    3.954    -0.00023   -0.205         0.000
  126       4    4.861607   -2.000   -2.000    3.954    -0.00023   -0.206         0.000
  127       4    4.889663   -2.000   -4.000    1.977     0.00032   -0.205
  128       4    4.889663   -4.000   -2.000    1.977     0.00071   -0.202
  129       4    4.889663    2.000   -4.000    1.977     0.00071   -0.199
  130       4    4.889663   -4.000    2.000    1.977     0.00032   -0.198
  131       4    4.963388   -3.000    0.000    3.954    -0.00059   -0.200
  132       4    4.963388    0.000   -3.000    3.954    -0.00059   -0.203
  133       4    4.992999    0.500    0.500   -4.943    -0.00031   -0.204
  134       4    4.992999   -0.500    0.500   -4.943    -0.00031   -0.205
  135       4    5.000000   -4.000    3.000    0.000     0.00036   -0.204         0.000
  136       4    5.000000    3.000   -4.000    0.000     0.00024   -0.203         0.000

 pvgfe7: read J(rs), returning J(rs), ib=1, jb=2

 Sum J_ij=-0.004581  J_00= 0.000000  J_0=-0.004581 for ib=1, jb=2

 srvsym:  1636 vectors in 409 stars.  tau = 0.000 -0.500 0.494

   Star   nstar    |R|          -- R(jb)-R(ib) --        J(mRy)   sum J
    1       4    0.703065    0.000    0.500    0.494    -1.02108   -4.084         0.000
    2       4    1.222416   -1.000    0.500    0.494    -0.02844   -4.198         0.000
    3       4    1.222416   -1.000   -0.500    0.494    -0.02844   -4.312         0.000
    4       4    1.564833   -0.500    0.000    1.483    -0.00394   -4.328         0.000
    5       4    1.579335    0.000   -1.500    0.494    -0.01014   -4.368         0.000
    6       4    1.857068   -1.000    0.500   -1.483    -0.00464   -4.387         0.000
    7       4    1.857068   -1.000   -0.500   -1.483    -0.00464   -4.405         0.000
    8       4    1.869305    1.500    1.000   -0.494     0.00354   -4.391
    9       4    1.869305   -1.000   -1.500    0.494     0.00354   -4.377
   10       4    2.109195   -1.500    0.000    1.483    -0.02662   -4.483
   11       4    2.119977   -2.000    0.500    0.494    -0.00058   -4.486
   12       4    2.119977   -2.000   -0.500    0.494    -0.00058   -4.488
   13       4    2.334246   -1.500   -1.000    1.483     0.00503   -4.468         0.000
   14       4    2.334246   -1.500    1.000    1.483     0.00503   -4.448         0.000
   15       4    2.521410    0.000   -0.500    2.471    -0.00319   -4.461         0.000
   16       4    2.539430   -0.500   -2.000    1.483     0.00418   -4.444
   17       4    2.539430    0.500   -2.000    1.483     0.00418   -4.427
   18       4    2.548392   -1.500    2.000   -0.494     0.00094   -4.423         0.000
   19       4    2.548392    2.000   -1.500    0.494     0.00094   -4.420         0.000
   20       4    2.548392    0.000   -2.500    0.494     0.00510   -4.399         0.000
   21       4    2.712473   -1.000   -0.500    2.471    -0.00233   -4.409         0.000
   22       4    2.712473    1.000   -0.500    2.471    -0.00233   -4.418         0.000
   23       4    2.737572   -1.000    2.500    0.494    -0.00291   -4.429
   24       4    2.737572   -1.000   -2.500    0.494    -0.00291   -4.441
   25       4    2.890936    0.000   -1.500    2.471     0.00596   -4.417         0.000
   26       4    2.906665    1.500   -2.000    1.483     0.00148   -4.411
   27       4    2.906665    2.000   -1.500   -1.483     0.00148   -4.405
   28       4    2.906665    0.000    2.500   -1.483    -0.00463   -4.424
   29       4    3.059005   -1.000   -1.500    2.471    -0.00096   -4.428
   30       4    3.059005   -1.000    1.500    2.471    -0.00096   -4.432
   31       4    3.073874   -2.500    1.000    1.483    -0.00176   -4.439
   32       4    3.073874   -2.500   -1.000    1.483    -0.00176   -4.446
   33       4    3.081282    0.500   -3.000   -0.494     0.00132   -4.441         0.000
   34       4    3.081282   -3.000    0.500    0.494     0.00132   -4.435         0.000
   35       4    3.218308    2.000   -0.500    2.471    -0.00313   -4.448
   36       4    3.218308   -2.000   -0.500    2.471    -0.00313   -4.460
   37       4    3.239491    2.500   -2.000   -0.494    -0.00027   -4.461         0.000
   38       4    3.239491   -2.000    2.500    0.494    -0.00027   -4.462         0.000
   39       4    3.383593   -0.500    3.000    1.483     0.00103   -4.458
   40       4    3.383593   -0.500   -3.000    1.483     0.00103   -4.454
   41       4    3.390325   -1.500    3.000   -0.494    -0.00257   -4.464
   42       4    3.390325    3.000   -1.500    0.494    -0.00256   -4.475
   43       4    3.495814   -0.500    0.000    3.460    -0.00289   -4.486
   44       4    3.515325    0.000    2.500    2.471     0.00125   -4.481         0.000
   45       4    3.515325    2.000   -1.500    2.471    -0.00077   -4.484
   46       4    3.515325    1.500   -2.000   -2.471    -0.00077   -4.487
   47       4    3.528272    2.500   -2.000    1.483    -0.00208   -4.496         0.000
   48       4    3.528272   -2.000    2.500   -1.483    -0.00208   -4.504         0.000
   49       4    3.534728   -3.500    0.000   -0.494     0.00100   -4.500
   50       4    3.636030    0.500    1.000    3.460     0.00095   -4.496
   51       4    3.636030    0.500   -1.000    3.460     0.00096   -4.492
   52       4    3.654793   -1.000    2.500    2.471     0.00019   -4.492         0.000
   53       4    3.654793   -1.000   -2.500    2.471     0.00019   -4.491         0.000
   54       4    3.667247    1.500   -3.000    1.483    -0.00032   -4.492
   55       4    3.667247    3.000   -1.500   -1.483    -0.00032   -4.493
   56       4    3.673459    1.000   -3.500    0.494    -0.00150   -4.499         0.000
   57       4    3.673459    1.000    3.500    0.494    -0.00150   -4.505         0.000
   58       4    3.771037    1.500    0.000    3.460    -0.00146   -4.511
   59       4    3.801145   -3.500    0.000    1.483     0.00039   -4.510         0.000
   60       4    3.901374    1.000    1.500   -3.460    -0.00066   -4.512         0.000
   61       4    3.901374   -1.000    1.500   -3.460    -0.00066   -4.515         0.000
   62       4    3.918866    3.000   -0.500    2.471    -0.00121   -4.520         0.000
   63       4    3.918866   -3.000   -0.500    2.471    -0.00121   -4.525         0.000
   64       4    3.930484   -1.000    3.500   -1.483    -0.00203   -4.533
   65       4    3.930484   -3.500    1.000    1.483    -0.00203   -4.541
   66       4    3.936280   -2.500    3.000   -0.494    -0.00058   -4.543         0.000
   67       4    3.936280    3.000   -2.500    0.494    -0.00058   -4.545         0.000
   68       4    4.027495    2.000   -0.500   -3.460     0.00009   -4.545         0.000
   69       4    4.027495   -0.500    2.000    3.460     0.00009   -4.545         0.000
   70       4    4.044442   -2.000    2.500    2.471    -0.00072   -4.548
   71       4    4.044442    2.500   -2.000   -2.471    -0.00072   -4.550
   72       4    4.061318    0.500   -4.000   -0.494     0.00025   -4.549         0.000
   73       4    4.061318   -4.000    0.500    0.494     0.00025   -4.548         0.000
   74       4    4.061318   -2.000   -3.500    0.494    -0.00132   -4.554         0.000
   75       4    4.061318    3.500    2.000   -0.494    -0.00131   -4.559         0.000
   76       4    4.166234    3.000   -1.500    2.471     0.00008   -4.559
   77       4    4.166234   -1.500    3.000   -2.471     0.00007   -4.558
   78       4    4.177164   -2.500    3.000    1.483     0.00213   -4.550
   79       4    4.177164    3.000   -2.500   -1.483     0.00213   -4.541
   80       4    4.268573    2.000   -1.500   -3.460     0.00006   -4.541         0.000
   81       4    4.268573    2.000    1.500   -3.460     0.00006   -4.541         0.000
   82       4    4.268573   -2.500    0.000    3.460    -0.00092   -4.545         0.000
   83       4    4.284566    0.000   -3.500    2.471    -0.00025   -4.546
   84       4    4.295195    0.500   -4.000    1.483    -0.00065   -4.548
   85       4    4.295195   -4.000    0.500   -1.483    -0.00064   -4.551
   86       4    4.295195   -3.500    2.000    1.483    -0.00042   -4.552
   87       4    4.295195    3.500    2.000    1.483    -0.00042   -4.554
   88       4    4.300500    1.500   -4.000   -0.494    -0.00058   -4.556         0.000
   89       4    4.300500   -1.500   -4.000   -0.494    -0.00057   -4.559         0.000
   90       4    4.384144   -2.500    1.000    3.460     0.00037   -4.557
   91       4    4.384144   -1.000    2.500   -3.460     0.00037   -4.556
   92       4    4.399717   -1.000    3.500    2.471     0.00032   -4.554         0.000
   93       4    4.399717   -1.000   -3.500    2.471     0.00032   -4.553         0.000
   94       4    4.476419    0.000    0.500    4.448     0.00041   -4.551
   95       4    4.522024   -4.000    1.500   -1.483     0.00028   -4.550
   96       4    4.522024    1.500   -4.000    1.483     0.00028   -4.549
   97       4    4.527063    4.500    0.000   -0.494    -0.00015   -4.550         0.000
   98       4    4.586756    1.000   -0.500    4.448    -0.00074   -4.553
   99       4    4.586756    1.000    0.500    4.448    -0.00074   -4.556
  100       4    4.606595    0.500    3.000    3.460    -0.00006   -4.556
  101       4    4.606595   -3.000   -0.500   -3.460    -0.00006   -4.556
  102       4    4.621419    3.000   -2.500    2.471    -0.00026   -4.557         0.000
  103       4    4.621419   -3.000   -2.500    2.471    -0.00026   -4.558         0.000
  104       4    4.636195   -3.500    3.000   -0.494    -0.00134   -4.564         0.000
  105       4    4.636195   -4.500    1.000   -0.494     0.00059   -4.561
  106       4    4.636195    4.500    1.000   -0.494     0.00059   -4.559
  107       4    4.636195   -3.500   -3.000   -0.494    -0.00134   -4.564         0.000
  108       4    4.694500   -1.500    0.000   -4.448    -0.00042   -4.566
  109       4    4.713886   -2.000    2.500   -3.460    -0.00030   -4.567
  110       4    4.713886   -2.500    2.000    3.460    -0.00030   -4.568
  111       4    4.728373    4.000   -0.500    2.471     0.00019   -4.568
  112       4    4.728373   -2.000   -3.500    2.471     0.00006   -4.567         0.000
  113       4    4.728373   -2.000    3.500    2.471     0.00006   -4.567         0.000
  114       4    4.728373    0.500   -4.000   -2.471     0.00019   -4.566
  115       4    4.738006    0.000   -4.500   -1.483    -0.00020   -4.567
  116       4    4.742816    4.000    2.500    0.494    -0.00002   -4.567
  117       4    4.742816    2.500    4.000   -0.494    -0.00002   -4.567
  118       4    4.799826    1.500    1.000   -4.448    -0.00006   -4.568
  119       4    4.799826    1.000    1.500    4.448    -0.00006   -4.568
  120       4    4.818788   -3.000    1.500   -3.460    -0.00017   -4.568
  121       4    4.818788    3.000    1.500   -3.460    -0.00017   -4.569
  122       4    4.842386    3.500    3.000    1.483     0.00053   -4.567         0.000
  123       4    4.842386   -4.500    1.000    1.483     0.00031   -4.566         0.000
  124       4    4.842386    1.000   -4.500   -1.483     0.00031   -4.565         0.000
  125       4    4.842386   -3.500    3.000    1.483     0.00053   -4.562         0.000
  126       4    4.902890    0.500    2.000   -4.448    -0.00039   -4.564
  127       4    4.902890    2.000    0.500    4.448    -0.00040   -4.566
  128       4    4.921455    0.000   -3.500   -3.460     0.00042   -4.564         0.000
  129       4    4.935333   -4.000   -1.500    2.471     0.00050   -4.562
  130       4    4.935333    4.000   -1.500    2.471     0.00050   -4.560
  131       4    4.944563    4.000   -2.500   -1.483     0.00041   -4.558
  132       4    4.944563    2.500   -4.000    1.483     0.00041   -4.557
  133       4    4.949172    4.500   -2.000   -0.494     0.00026   -4.556         0.000
  134       4    4.949172    2.000   -4.500    0.494     0.00026   -4.555         0.000

 pvgfe7: read J(rs), returning J(rs), ib=2, jb=1

 Sum J_ij=-0.004581  J_00= 0.000000  J_0=-0.004581 for ib=2, jb=1

 srvsym:  1636 vectors in 409 stars.  tau = 0.000 0.500 -0.494

   Star   nstar    |R|          -- R(jb)-R(ib) --        J(mRy)   sum J
    1       4    0.703065    0.500    0.000    0.494    -1.02108   -4.084         0.000
    2       4    1.222416    0.500   -1.000    0.494    -0.02844   -4.198         0.000
    3       4    1.222416   -0.500   -1.000    0.494    -0.02844   -4.312         0.000
    4       4    1.564833   -0.500    0.000   -1.483    -0.00394   -4.328         0.000
    5       4    1.579335    0.000   -1.500   -0.494    -0.01014   -4.368         0.000
    6       4    1.857068   -0.500    1.000   -1.483    -0.00464   -4.387         0.000
    7       4    1.857068    0.500    1.000   -1.483    -0.00464   -4.405         0.000
    8       4    1.869305    1.500   -1.000    0.494     0.00354   -4.391
    9       4    1.869305    1.500    1.000    0.494     0.00354   -4.377
   10       4    2.109195    0.000    1.500    1.483    -0.02662   -4.483
   11       4    2.119977    2.000   -0.500   -0.494    -0.00058   -4.486
   12       4    2.119977   -2.000   -0.500   -0.494    -0.00058   -4.488
   13       4    2.334246   -1.500    1.000   -1.483     0.00503   -4.468         0.000
   14       4    2.334246    1.500    1.000   -1.483     0.00503   -4.448         0.000
   15       4    2.521410    0.500    0.000    2.471    -0.00319   -4.461         0.000
   16       4    2.539430   -2.000    0.500    1.483     0.00418   -4.444
   17       4    2.539430    2.000    0.500    1.483     0.00418   -4.427
   18       4    2.548392   -2.000   -1.500   -0.494     0.00094   -4.423         0.000
   19       4    2.548392   -2.500    0.000    0.494     0.00510   -4.403         0.000
   20       4    2.548392    2.000   -1.500   -0.494     0.00094   -4.399         0.000
   21       4    2.712473   -0.500    1.000    2.471    -0.00233   -4.409         0.000
   22       4    2.712473   -1.000    0.500   -2.471    -0.00233   -4.418         0.000
   23       4    2.737572   -1.000    2.500   -0.494    -0.00291   -4.429
   24       4    2.737572    2.500   -1.000    0.494    -0.00291   -4.441
   25       4    2.890936    1.500    0.000    2.471     0.00596   -4.417         0.000
   26       4    2.906665    0.000    2.500    1.483    -0.00463   -4.436
   27       4    2.906665   -2.000    1.500    1.483     0.00148   -4.430
   28       4    2.906665   -1.500    2.000   -1.483     0.00148   -4.424
   29       4    3.059005    1.500    1.000    2.471    -0.00096   -4.428
   30       4    3.059005   -1.500    1.000    2.471    -0.00096   -4.432
   31       4    3.073874    2.500   -1.000   -1.483    -0.00176   -4.439
   32       4    3.073874   -1.000    2.500    1.483    -0.00176   -4.446
   33       4    3.081282    3.000   -0.500   -0.494     0.00132   -4.441         0.000
   34       4    3.081282   -0.500    3.000    0.494     0.00132   -4.435         0.000
   35       4    3.218308    0.500   -2.000    2.471    -0.00313   -4.448
   36       4    3.218308    0.500    2.000    2.471    -0.00313   -4.460
   37       4    3.239491   -2.000   -2.500   -0.494    -0.00027   -4.461         0.000
   38       4    3.239491   -2.000    2.500   -0.494    -0.00027   -4.462         0.000
   39       4    3.383593   -0.500   -3.000   -1.483     0.00103   -4.458
   40       4    3.383593    3.000    0.500    1.483     0.00103   -4.454
   41       4    3.390325   -3.000    1.500   -0.494    -0.00256   -4.464
   42       4    3.390325   -1.500    3.000    0.494    -0.00257   -4.475
   43       4    3.495814    0.500    0.000   -3.460    -0.00289   -4.486
   44       4    3.515325    2.500    0.000    2.471     0.00125   -4.481         0.000
   45       4    3.515325    1.500   -2.000    2.471    -0.00077   -4.484
   46       4    3.515325   -1.500   -2.000    2.471    -0.00077   -4.487
   47       4    3.528272   -2.500    2.000   -1.483    -0.00208   -4.496         0.000
   48       4    3.528272    2.000   -2.500    1.483    -0.00208   -4.504         0.000
   49       4    3.534728   -3.500    0.000    0.494     0.00100   -4.500
   50       4    3.636030    0.500    1.000   -3.460     0.00095   -4.496
   51       4    3.636030    0.500   -1.000   -3.460     0.00096   -4.492
   52       4    3.654793    2.500    1.000    2.471     0.00019   -4.492         0.000
   53       4    3.654793    2.500   -1.000    2.471     0.00019   -4.491         0.000
   54       4    3.667247   -1.500    3.000   -1.483    -0.00032   -4.492
   55       4    3.667247    3.000   -1.500    1.483    -0.00032   -4.493
   56       4    3.673459    1.000   -3.500   -0.494    -0.00150   -4.499         0.000
   57       4    3.673459   -1.000   -3.500   -0.494    -0.00150   -4.505         0.000
   58       4    3.771037    1.500    0.000   -3.460    -0.00146   -4.511
   59       4    3.801145   -3.500    0.000   -1.483     0.00039   -4.510         0.000
   60       4    3.901374    1.500    1.000   -3.460    -0.00066   -4.512         0.000
   61       4    3.901374   -1.000   -1.500    3.460    -0.00066   -4.515         0.000
   62       4    3.918866    0.500    3.000    2.471    -0.00121   -4.520         0.000
   63       4    3.918866   -0.500    3.000    2.471    -0.00121   -4.525         0.000
   64       4    3.930484    3.500   -1.000   -1.483    -0.00203   -4.533
   65       4    3.930484   -3.500   -1.000   -1.483    -0.00203   -4.541
   66       4    3.936280    2.500   -3.000    0.494    -0.00058   -4.543         0.000
   67       4    3.936280    2.500    3.000    0.494    -0.00058   -4.545         0.000
   68       4    4.027495   -0.500    2.000   -3.460     0.00009   -4.545         0.000
   69       4    4.027495   -0.500   -2.000   -3.460     0.00009   -4.545         0.000
   70       4    4.044442   -2.500   -2.000    2.471    -0.00072   -4.548
   71       4    4.044442    2.500   -2.000    2.471    -0.00072   -4.550
   72       4    4.061318   -4.000   -0.500   -0.494     0.00025   -4.549         0.000
   73       4    4.061318   -3.500   -2.000    0.494    -0.00131   -4.555         0.000
   74       4    4.061318   -3.500    2.000    0.494    -0.00132   -4.560         0.000
   75       4    4.061318   -4.000    0.500   -0.494     0.00025   -4.559         0.000
   76       4    4.166234   -1.500   -3.000    2.471     0.00008   -4.559
   77       4    4.166234   -1.500    3.000    2.471     0.00007   -4.558
   78       4    4.177164   -2.500   -3.000   -1.483     0.00213   -4.550
   79       4    4.177164   -3.000   -2.500    1.483     0.00213   -4.541
   80       4    4.268573    1.500    2.000   -3.460     0.00006   -4.541         0.000
   81       4    4.268573    1.500   -2.000   -3.460     0.00006   -4.541         0.000
   82       4    4.268573    2.500    0.000   -3.460    -0.00092   -4.545         0.000
   83       4    4.284566    3.500    0.000    2.471    -0.00025   -4.546
   84       4    4.295195   -3.500   -2.000   -1.483    -0.00042   -4.547
   85       4    4.295195    0.500   -4.000   -1.483    -0.00065   -4.550
   86       4    4.295195   -3.500    2.000   -1.483    -0.00042   -4.551
   87       4    4.295195    4.000   -0.500    1.483    -0.00064   -4.554
   88       4    4.300500   -4.000    1.500   -0.494    -0.00057   -4.556         0.000
   89       4    4.300500    4.000    1.500   -0.494    -0.00058   -4.559         0.000
   90       4    4.384144    2.500   -1.000   -3.460     0.00037   -4.557
   91       4    4.384144    2.500    1.000   -3.460     0.00037   -4.556
   92       4    4.399717    3.500   -1.000    2.471     0.00032   -4.554         0.000
   93       4    4.399717    3.500    1.000    2.471     0.00032   -4.553         0.000
   94       4    4.476419    0.000    0.500   -4.448     0.00041   -4.551
   95       4    4.522024   -1.500    4.000   -1.483     0.00028   -4.550
   96       4    4.522024    1.500    4.000   -1.483     0.00028   -4.549
   97       4    4.527063    0.000   -4.500   -0.494    -0.00015   -4.550         0.000
   98       4    4.586756    0.500    1.000    4.448    -0.00074   -4.553
   99       4    4.586756   -1.000   -0.500   -4.448    -0.00074   -4.556
  100       4    4.606595    0.500    3.000   -3.460    -0.00006   -4.556
  101       4    4.606595    0.500   -3.000   -3.460    -0.00006   -4.556
  102       4    4.621419   -2.500   -3.000    2.471    -0.00026   -4.557         0.000
  103       4    4.621419   -2.500    3.000    2.471    -0.00026   -4.558         0.000
  104       4    4.636195   -3.000    3.500   -0.494    -0.00134   -4.564         0.000
  105       4    4.636195    1.000   -4.500   -0.494     0.00059   -4.561
  106       4    4.636195   -3.500    3.000    0.494    -0.00134   -4.567         0.000
  107       4    4.636195   -1.000   -4.500   -0.494     0.00059   -4.564
  108       4    4.694500    1.500    0.000    4.448    -0.00042   -4.566
  109       4    4.713886   -2.000   -2.500    3.460    -0.00030   -4.567
  110       4    4.713886    2.500    2.000   -3.460    -0.00030   -4.568
  111       4    4.728373   -0.500   -4.000    2.471     0.00019   -4.568
  112       4    4.728373   -3.500   -2.000    2.471     0.00006   -4.567         0.000
  113       4    4.728373   -2.000   -3.500   -2.471     0.00006   -4.567         0.000
  114       4    4.728373   -0.500    4.000    2.471     0.00019   -4.566
  115       4    4.738006   -4.500    0.000   -1.483    -0.00020   -4.567
  116       4    4.742816   -4.000    2.500   -0.494    -0.00002   -4.567
  117       4    4.742816   -4.000   -2.500   -0.494    -0.00002   -4.567
  118       4    4.799826    1.500    1.000    4.448    -0.00006   -4.568
  119       4    4.799826    1.000    1.500   -4.448    -0.00006   -4.568
  120       4    4.818788    3.000   -1.500    3.460    -0.00017   -4.568
  121       4    4.818788   -1.500    3.000   -3.460    -0.00017   -4.569
  122       4    4.842386   -3.500   -3.000   -1.483     0.00053   -4.567         0.000
  123       4    4.842386   -3.500    3.000   -1.483     0.00053   -4.565         0.000
  124       4    4.842386   -4.500   -1.000   -1.483     0.00031   -4.564         0.000
  125       4    4.842386   -4.500    1.000   -1.483     0.00031   -4.562         0.000
  126       4    4.902890   -0.500    2.000    4.448    -0.00040   -4.564
  127       4    4.902890    0.500    2.000    4.448    -0.00039   -4.566
  128       4    4.921455   -3.500    0.000   -3.460     0.00042   -4.564         0.000
  129       4    4.935333   -4.000   -1.500   -2.471     0.00050   -4.562
  130       4    4.935333   -4.000    1.500   -2.471     0.00050   -4.560
  131       4    4.944563   -2.500   -4.000   -1.483     0.00041   -4.558
  132       4    4.944563   -4.000   -2.500    1.483     0.00041   -4.557
  133       4    4.949172    2.000    4.500   -0.494     0.00026   -4.556         0.000
  134       4    4.949172   -2.000    4.500   -0.494     0.00026   -4.555         0.000

 pvgfe7: read J(rs), returning J(rs), ib=2, jb=2

 Sum J_ij=-0.608332  J_00=-0.608085  J_0=-0.000247 for ib=2, jb=2

 srvsym:  1727 vectors in 434 stars.  tau = 0.000 0.000 0.000

   Star   nstar    |R|          -- R(jb)-R(ib) --        J(mRy)   sum J
    1       1    0.000000    0.000    0.000    0.000  -608.08492    0.000
    2       4    1.000000   -1.000    0.000    0.000     0.00718    0.029
    3       4    1.215402   -0.500   -0.500    0.989     0.00636    0.054         0.000
    4       4    1.215402    0.500    0.500   -0.989     0.00636    0.080         0.000
    5       4    1.414214    1.000    1.000    0.000    -0.07478   -0.220
    6       4    1.864726   -0.500   -1.500    0.989    -0.00179   -0.227
    7       4    1.864726   -1.500   -0.500    0.989     0.00086   -0.223
    8       4    1.864726   -0.500    1.500    0.989     0.00086   -0.220
    9       4    1.864726   -1.500    0.500    0.989    -0.00179   -0.227
   10       2    1.977070    0.000    0.000    1.977    -0.02385   -0.275
   11       4    2.000000    0.000    2.000    0.000     0.00701   -0.247
   12       4    2.215582   -1.000    0.000    1.977    -0.00089   -0.250
   13       4    2.215582    0.000   -1.000    1.977    -0.00089   -0.254
   14       4    2.236068    2.000   -1.000    0.000     0.00053   -0.252         0.000
   15       4    2.236068   -1.000    2.000    0.000    -0.00933   -0.289         0.000
   16       4    2.340342    1.500    1.500   -0.989     0.00335   -0.276         0.000
   17       4    2.340342   -1.500    1.500   -0.989     0.00335   -0.262         0.000
   18       4    2.430804   -1.000   -1.000    1.977     0.00368   -0.247         0.000
   19       4    2.430804    1.000    1.000   -1.977     0.00368   -0.233         0.000
   20       4    2.734447   -0.500    2.500    0.989    -0.00178   -0.240
   21       4    2.734447    2.500   -0.500    0.989    -0.00002   -0.240
   22       4    2.734447   -0.500   -2.500    0.989    -0.00002   -0.240
   23       4    2.734447   -2.500   -0.500    0.989    -0.00178   -0.247
   24       4    2.812260    0.000   -2.000    1.977    -0.00449   -0.265
   25       4    2.812260   -2.000    0.000    1.977    -0.00449   -0.283
   26       4    2.828427    2.000   -2.000    0.000    -0.00032   -0.284         0.000
   27       4    2.984762    2.000    1.000    1.977     0.00232   -0.275         0.000
   28       4    2.984762   -2.000    1.000    1.977     0.00278   -0.264         0.000
   29       4    2.984762    1.000   -2.000    1.977     0.00232   -0.255         0.000
   30       4    2.984762    1.000    2.000    1.977     0.00278   -0.244         0.000
   31       4    3.000000    0.000    3.000    0.000     0.00429   -0.226
   32       4    3.048740    0.500    0.500    2.966    -0.00090   -0.230         0.000
   33       4    3.048740   -0.500   -0.500   -2.966    -0.00090   -0.234         0.000
   34       4    3.078506   -2.500    1.500    0.989    -0.00054   -0.236
   35       4    3.078506    1.500   -2.500    0.989    -0.00048   -0.238
   36       4    3.078506    2.500    1.500    0.989    -0.00048   -0.239
   37       4    3.078506    1.500    2.500    0.989    -0.00054   -0.242
   38       4    3.162278   -1.000    3.000    0.000    -0.00337   -0.255
   39       4    3.162278    3.000   -1.000    0.000    -0.00692   -0.283
   40       4    3.360776    1.500   -0.500   -2.966    -0.00059   -0.285         0.000
   41       4    3.360776    1.500   -0.500    2.966    -0.00059   -0.287         0.000
   42       4    3.360776   -0.500    1.500   -2.966     0.00117   -0.283         0.000
   43       4    3.360776   -0.500    1.500    2.966     0.00117   -0.278         0.000
   44       4    3.450914   -2.000    2.000    1.977     0.00151   -0.272         0.000
   45       4    3.450914   -2.000    2.000   -1.977     0.00151   -0.266         0.000
   46       4    3.592883    3.000    0.000    1.977     0.00016   -0.265
   47       4    3.592883    0.000    3.000    1.977     0.00016   -0.265
   48       4    3.605551    3.000   -2.000    0.000     0.00096   -0.261         0.000
   49       4    3.605551   -2.000    3.000    0.000     0.00331   -0.248         0.000
   50       4    3.646205    1.500    1.500   -2.966     0.00059   -0.245
   51       4    3.646205    1.500   -1.500   -2.966     0.00059   -0.243
   52       4    3.671131   -3.500   -0.500    0.989    -0.00063   -0.246
   53       4    3.671131   -3.500    0.500    0.989    -0.00024   -0.246
   54       4    3.671131    0.500    3.500    0.989    -0.00024   -0.247
   55       4    3.671131    0.500   -3.500    0.989    -0.00063   -0.250
   56       4    3.671131   -2.500   -2.500    0.989     0.00251   -0.240         0.000
   57       4    3.671131    2.500   -2.500    0.989     0.00251   -0.230         0.000
   58       4    3.729451   -1.000    3.000    1.977     0.00067   -0.227
   59       4    3.729451    3.000   -1.000    1.977    -0.00003   -0.227
   60       4    3.729451    3.000    1.000    1.977     0.00067   -0.225
   61       4    3.729451    1.000    3.000    1.977    -0.00003   -0.225
   62       4    3.910858    2.500   -0.500    2.966    -0.00094   -0.229
   63       4    3.910858   -0.500    2.500    2.966     0.00089   -0.225
   64       4    3.910858    2.500    0.500    2.966     0.00089   -0.221
   65       4    3.910858    0.500    2.500    2.966    -0.00094   -0.225
   66       4    3.934107    1.500   -3.500   -0.989     0.00022   -0.224
   67       4    3.934107   -3.500    1.500   -0.989     0.00024   -0.223
   68       4    3.934107   -3.500    1.500    0.989     0.00024   -0.222
   69       4    3.934107    1.500   -3.500    0.989     0.00022   -0.222
   70       2    3.954140    0.000    0.000    3.954     0.00232   -0.217
   71       4    4.000000    4.000    0.000    0.000    -0.00003   -0.217
   72       4    4.078630    0.000    1.000    3.954    -0.00081   -0.220
   73       4    4.078630    1.000    0.000    3.954    -0.00081   -0.223
   74       4    4.112032    3.000   -2.000    1.977    -0.00006   -0.224         0.000
   75       4    4.112032   -2.000    3.000    1.977    -0.00036   -0.225         0.000
   76       4    4.112032   -2.000    3.000   -1.977    -0.00036   -0.227         0.000
   77       4    4.112032    3.000   -2.000   -1.977    -0.00006   -0.227         0.000
   78       4    4.123106    1.000    4.000    0.000     0.00045   -0.225
   79       4    4.123106    1.000   -4.000    0.000    -0.00002   -0.225
   80       4    4.158703    1.500   -2.500    2.966     0.00014   -0.225         0.000
   81       4    4.158703    1.500    2.500    2.966     0.00046   -0.223         0.000
   82       4    4.158703    2.500    1.500    2.966     0.00014   -0.222         0.000
   83       4    4.158703   -2.500    1.500    2.966     0.00046   -0.220         0.000
   84       4    4.199431   -1.000   -1.000    3.954     0.00023   -0.220         0.000
   85       4    4.199431    1.000   -1.000    3.954     0.00023   -0.219         0.000
   86       4    4.242641   -3.000    3.000    0.000    -0.00148   -0.225         0.000
   87       4    4.413298    2.500   -3.500   -0.989     0.00046   -0.223
   88       4    4.413298   -3.500    2.500   -0.989     0.00079   -0.220
   89       4    4.413298   -2.500   -3.500   -0.989     0.00079   -0.216
   90       4    4.413298   -3.500   -2.500   -0.989     0.00046   -0.215
   91       4    4.431165   -2.000    0.000    3.954    -0.00042   -0.216
   92       4    4.431165    0.000   -2.000    3.954    -0.00042   -0.218
   93       4    4.461928    4.000    0.000   -1.977    -0.00031   -0.219
   94       4    4.461928    0.000    4.000   -1.977    -0.00031   -0.220
   95       4    4.472136   -2.000   -4.000    0.000     0.00100   -0.216         0.000
   96       4    4.472136    2.000   -4.000    0.000    -0.00044   -0.218         0.000
   97       4    4.542601    1.000   -2.000    3.954     0.00039   -0.217
   98       4    4.542601   -2.000    1.000    3.954     0.00023   -0.216
   99       4    4.542601   -2.000   -1.000    3.954     0.00039   -0.214
  100       4    4.542601    1.000    2.000    3.954     0.00023   -0.213
  101       4    4.572615    1.000   -4.000    1.977     0.00128   -0.208
  102       4    4.572615    1.000    4.000    1.977     0.00058   -0.206
  103       4    4.572615    4.000    1.000    1.977     0.00128   -0.201
  104       4    4.572615   -4.000    1.000    1.977     0.00058   -0.198
  105       4    4.614630    2.500   -2.500    2.966     0.00067   -0.196
  106       4    4.614630   -3.500    0.500   -2.966    -0.00055   -0.198
  107       4    4.614630   -0.500    3.500   -2.966     0.00015   -0.197
  108       4    4.614630    3.500    0.500   -2.966     0.00015   -0.197
  109       4    4.614630   -2.500   -2.500    2.966     0.00067   -0.194
  110       4    4.614630    0.500    3.500   -2.966    -0.00055   -0.196
  111       4    4.634350    4.500    0.500    0.989    -0.00028   -0.197
  112       4    4.634350    0.500    4.500    0.989     0.00031   -0.196
  113       4    4.634350    0.500   -4.500    0.989    -0.00028   -0.197
  114       4    4.634350   -4.500    0.500    0.989     0.00031   -0.196
  115       4    4.680684   -3.000   -3.000    1.977    -0.00012   -0.196         0.000
  116       4    4.680684   -3.000    3.000    1.977    -0.00012   -0.197         0.000
  117       4    4.826470   -3.500    1.500   -2.966    -0.00013   -0.197
  118       4    4.826470    1.500   -3.500   -2.966    -0.00036   -0.199
  119       4    4.826470   -3.500   -1.500   -2.966    -0.00036   -0.200
  120       4    4.826470   -1.500   -3.500   -2.966    -0.00013   -0.201
  121       4    4.845328    4.500    1.500    0.989     0.00001   -0.201
  122       4    4.845328    4.500    1.500   -0.989     0.00001   -0.201
  123       4    4.845328    1.500    4.500    0.989    -0.00047   -0.202
  124       4    4.845328    1.500    4.500   -0.989    -0.00047   -0.204
  125       4    4.861607    2.000   -2.000    3.954    -0.00024   -0.205         0.000
  126       4    4.861607   -2.000   -2.000    3.954    -0.00024   -0.206         0.000
  127       4    4.889663   -2.000   -4.000    1.977     0.00071   -0.203
  128       4    4.889663   -4.000   -2.000    1.977     0.00032   -0.202
  129       4    4.889663    2.000   -4.000    1.977     0.00032   -0.201
  130       4    4.889663   -4.000    2.000    1.977     0.00071   -0.198
  131       4    4.963388   -3.000    0.000    3.954    -0.00059   -0.200
  132       4    4.963388    0.000   -3.000    3.954    -0.00059   -0.203
  133       4    4.992999    0.500    0.500   -4.943    -0.00031   -0.204
  134       4    4.992999   -0.500    0.500   -4.943    -0.00031   -0.205
  135       4    5.000000   -4.000    3.000    0.000     0.00024   -0.204         0.000
  136       4    5.000000    3.000   -4.000    0.000     0.00036   -0.203         0.000

 Sum J_ij for all pairs connected to listed sites (mRy)
 site       Sum J_ij       J_00    J_0(r<rcut)      J_0    2/3 J_0 (K)
   1        -612.912    -608.085      -4.759      -4.827    -507.9
   2        -612.912    -608.085      -4.759      -4.827    -507.9
 -------
 avg        -612.912    -608.085      -4.759      -4.827    -507.9 ( -500.7 r<rcut)

 ... Mean-field estimate:  Tc = 39.296 meV =  456.0 K
 Site  ez        Site  ez
   1  -0.7071 |    2   0.7071 |

 pvgfeo:  Symmetrize J(q) ... max deviation = 0

 ... generalized Tyablikov estimate for Tc, 2 site(s)
 mixing: mode=B  nmix=2  beta=.3  kill=7  betv=0
 ... RPA Tc converged in 1 iter:  Tc = 23.770 meV =  275.8 K
 Site  ez        Site  ez
   1  -0.7071 |    2   0.7071 |

 pvgfe8:  Make w(q) from J(q)
 pvgfe8:  ferromagnetic case ...

 ... Stiffness from lim(lambda->0) FT 1/6 T**2 omega(T) exp(-lambda T)
    lambda    om(lambda,0)  om(lambda,0)  ln(om)
              Ry-alat**2    meV-A**2     (file sstiff)
  10.304219    0.000001      0.004       -5.4613
   9.273797    0.000003      0.013       -4.3798
   8.243375    0.000010      0.037       -3.2905
   7.212953    0.000029      0.112       -2.1935
   6.182532    0.000088      0.336       -1.0893
   5.152110    0.000268      1.020        0.0202
   4.121688    0.000814      3.098        1.1307
   3.091266    0.002451      9.330        2.2332
   2.060844    0.007202     27.408        3.3108
   1.030422    0.020779     79.081        4.3705
   0.000000    0.095875    364.884        5.8996

 ... generating J on a doubled mesh

 CHGMSH: remake f (15 * 15 * 15)  to f (30 * 30 * 30),  opt=13

 ... Make w(q) along lines in syml file (mRy)
 ... no syml file ... skipping SW spectra
 Exit 0 LMGF
 CPU time:  0.210s   Wall clock 0.226s  at  01:05:04 24.07.2025  on
